-0.0 0.0
1.0726432e-06 0.0012557077
5.0056683e-06 0.0025110578
1.108398e-05 0.0037667654
1.9665126e-05 0.0050224731
3.0749105e-05 0.0062778232
4.3978372e-05 0.0075335308
6.006802e-05 0.0087888809
7.8302955e-05 0.010044589
9.9398271e-05 0.011299939
0.00012263887 0.012555289
0.00014838231 0.013810639
0.00017627103 0.015065989
0.00020702014 0.016321339
0.00024027208 0.017576332
0.00027566931 0.018831682
0.00031356937 0.020086674
0.00035397226 0.021341667
0.00039687799 0.022596659
0.00044228655 0.023851652
0.0004898404 0.025106287
0.00054025463 0.026360922
0.00059281415 0.027615557
0.0006478765 0.028870192
0.00070544169 0.03012447
0.00076550971 0.031378747
0.00082772301 0.032633024
0.0008927967 0.033887302
0.00096001568 0.035141222
0.0010297375 0.036395142
0.0011019621 0.037648704
0.0011763321 0.038902266
0.0012535624 0.040155829
0.001332938 0.041409391
0.0014148164 0.042662596
0.0014991977 0.043915443
0.0015860818 0.045168648
0.0016754687 0.046421138
0.0017670009 0.047673985
0.001861036 0.048926475
0.0019575739 0.050178607
0.0020566146 0.051430739
0.0021578006 0.052682514
0.002261847 0.053934288
0.0023680387 0.055186063
0.0024767332 0.05643748
0.002587573 0.05768854
0.0027012732 0.058939599
0.0028171186 0.060190659
0.0029354669 0.061441003
0.0030563181 0.062691705
0.0031793145 0.063941692
0.0033048137 0.065191679
0.0034328158 0.066441666
0.0035633208 0.067691295
0.0036963285 0.068940567
0.0038314816 0.070189481
0.0039691374 0.071438395
0.0041089386 0.072686952
0.0042516001 0.073935509
0.004396407 0.075183708
0.0045437166 0.07643155
0.0046931716 0.077679391
0.0048454869 0.078926518
0.0049999476 0.080173644
0.0051565535 0.081420771
0.0053160198 0.082667182
0.0054776313 0.083913594
0.0056413882 0.085159647
0.0058080054 0.086405344
0.005976768 0.08765104
0.0061480333 0.088896021
0.006321444 0.090141003
0.0064973575 0.091385626
0.0066757738 0.092629892
0.0068563354 0.093874158
0.0070393999 0.09511771
0.0072249671 0.096361261
0.0074126797 0.097604454
0.0076028951 0.09884729
0.0077956133 0.10008977
0.0079904768 0.10133189
0.0081878432 0.10257365
0.0083873548 0.10381506
0.0085893693 0.10505646
0.0087938866 0.10629715
0.0090005492 0.10753749
0.0092097146 0.10877782
0.0094210253 0.11001744
0.0096348389 0.11125706
0.0098511553 0.11249596
0.010069617 0.11373486
0.010290224 0.11497341
0.010513334 0.11621124
0.010738946 0.11744907
0.010966704 0.11868618
0.011196965 0.11992294
0.011429371 0.1211597
0.01166428 0.12239574
0.011901334 0.12363143
0.012140891 0.12486711
0.012382593 0.12610208
0.012626441 0.12733669
0.012873149 0.12857059
0.013121644 0.12980449
0.013372643 0.13103803
0.013626144 0.13227085
0.013881791 0.13350368
0.014139583 0.13473579
0.014399878 0.13596754
0.014662675 0.13719893
0.01492726 0.13842961
0.015194349 0.13966029
0.01546394 0.14089026
0.015735676 0.14211986
0.016009557 0.14334911
0.016285942 0.144578
0.016564472 0.14580618
0.016845504 0.147034
0.017128324 0.14826146
0.017414005 0.14948856
0.017701473 0.15071531
0.017991445 0.15194134
0.018283561 0.15316701
0.01857818 0.15439233
0.018874945 0.15561693
0.019173855 0.15684118
0.01947491 0.15806506
0.019778468 0.15928823
0.020084172 0.1605114
0.02039202 0.1617335
0.020702372 0.1629556
0.021014511 0.16417698
0.021329153 0.16539801
0.021646298 0.16661832
0.02196523 0.16783863
0.022286666 0.16905787
0.022610246 0.1702771
0.022935972 0.17149563
0.023264201 0.17271379
0.023594218 0.17393124
0.023926737 0.17514833
0.024261402 0.17636471
0.024598212 0.17758073
0.024937167 0.17879639
0.025278625 0.18001134
0.025621871 0.18122593
0.02596762 0.18243981
0.026315513 0.18365332
0.026665553 0.18486648
0.027017737 0.18607893
0.027372067 0.18729101
0.027728542 0.18850239
0.028087163 0.18971304
0.028448286 0.1909237
0.028811197 0.19213328
0.02917661 0.19334287
0.029543812 0.19455138
0.029913516 0.19575989
0.030285008 0.19696769
0.030659003 0.19817477
0.031035144 0.19938149
0.031413072 0.2005875
0.031793502 0.20179315
0.032176078 0.20299809
0.032560442 0.20420266
0.032947309 0.20540653
0.033336321 0.20661003
0.033727121 0.20781282
0.034120423 0.2090149
0.034515513 0.21021662
0.034912749 0.21141798
0.035312487 0.21261862
0.035714013 0.21381855
0.036117685 0.21501813
0.036523501 0.21621734
0.036931106 0.21741548
0.037341213 0.21861327
0.037753466 0.2198107
0.038167506 0.22100741
0.038583691 0.2222034
0.039002022 0.22339904
0.039422498 0.22459397
0.03984512 0.22578854
0.040269887 0.22698239
0.040696441 0.22817588
0.041125141 0.2293683
0.041555986 0.23056073
0.041988976 0.23175207
0.042423754 0.23294307
0.042861035 0.2341337
0.043300104 0.23532362
0.04374096 0.23651282
0.044184319 0.23770131
0.044629466 0.23888944
0.045076758 0.24007722
0.045525838 0.24126427
0.045977421 0.24245062
0.046430792 0.24363625
0.04688595 0.24482152
0.047343611 0.24600607
0.04780306 0.24719027
0.048264296 0.24837375
0.048728036 0.24955652
0.049193563 0.25073893
0.049660878 0.25192063
0.050130338 0.25310161
0.050601944 0.25428223
0.051075694 0.25546214
0.051551233 0.25664133
0.052028559 0.25782016
0.052508031 0.25899828
0.052989647 0.26017605
0.053473052 0.26135309
0.053958602 0.26252943
0.054445939 0.26370504
0.054935422 0.2648803
0.05542705 0.2660552
0.055920466 0.26722903
0.05641567 0.26840251
0.056913019 0.26957562
0.057412513 0.27074766
0.057913795 0.27191934
0.058416864 0.27309067
0.058922079 0.27426093
0.059429082 0.27543082
0.05993823 0.27660036
0.060449166 0.27776918
0.060962247 0.27893729
0.061477116 0.28010469
0.06199413 0.28127172
0.062512574 0.28243804
0.063033521 0.283604
0.063556256 0.2847689
0.064080778 0.28593379
0.064607088 0.2870976
0.065135544 0.28826106
0.065665787 0.28942381
0.066198176 0.2905862
0.066732352 0.29174787
0.067268316 0.29290883
0.067806426 0.29406943
0.068346323 0.29522931
0.068888007 0.29638848
0.069431838 0.29754729
0.069977455 0.29870539
0.070524861 0.29986313
0.071074054 0.30102016
0.071625393 0.30217646
0.072178519 0.30333242
0.072733433 0.30448765
0.073290493 0.30564217
0.07384934 0.30679634
0.074409975 0.30794979
0.074972397 0.30910288
0.075536965 0.3102549
0.076103321 0.31140692
0.076671464 0.31255786
0.077241395 0.31370845
0.077813114 0.31485868
0.078386978 0.3160082
0.07896263 0.317157
0.07954007 0.31830544
0.080119297 0.31945317
0.080700312 0.32060018
0.081283472 0.32174684
0.081868421 0.32289314
0.082455156 0.32403836
0.08304368 0.32518323
0.083633991 0.32632774
0.08422609 0.32747154
0.084819977 0.32861462
0.085416009 0.32975734
0.086013829 0.33089935
0.086613079 0.332041
0.087214474 0.33318193
0.087817657 0.33432251
0.088422628 0.33546237
0.089029744 0.33660188
0.08963829 0.33774067
0.090248624 0.33887874
0.090861104 0.34001646
0.091475013 0.34115346
0.092091068 0.3422901
0.092708553 0.34342603
0.093328183 0.3445616
0.093949601 0.34569682
0.094572807 0.34683096
0.0951978 0.3479651
0.095824224 0.34909817
0.096452793 0.35023124
0.097083149 0.35136323
0.097715294 0.35249523
0.098349226 0.35362615
0.098984946 0.35475708
0.099622453 0.35588729
0.10026175 0.35701678
0.10090283 0.35814591
0.1015457 0.35927434
0.10219036 0.3604024
0.10283681 0.3615301
0.10348504 0.36265709
0.10413506 0.36378373
0.10478687 0.36490965
0.10544011 0.36603521
0.1060955 0.36716005
0.10675267 0.36828454
0.10741163 0.36940867
0.10807238 0.37053208
0.10873456 0.37165478
0.10939888 0.37277748
0.11006464 0.37389947
0.11073253 0.37502074
0.11140186 0.37614165
0.11207334 0.3772622
0.11274624 0.37838204
0.11342094 0.37950153
0.11409777 0.38062065
0.11477604 0.38173906
0.1154561 0.38285711
0.11613794 0.38397481
0.11682157 0.38509178
0.11750663 0.38620841
0.11819384 0.38732467
0.11888283 0.38844022
0.11957326 0.38955541
0.12026583 0.39067024
0.12095983 0.39178436
0.12165562 0.39289812
0.12235355 0.39401153
0.12305291 0.39512457
0.12375407 0.39623691
0.12445665 0.39734888
0.12516137 0.39846014
0.12586789 0.3995714
0.12657619 0.40068194
0.12728592 0.40179212
0.12799744 0.40290195
0.12871111 0.40401107
0.1294262 0.40511982
0.13014309 0.40622822
0.13086176 0.40733626
0.13158222 0.40844394
0.1323041 0.40955091
0.13302814 0.41065752
0.1337536 0.41176377
0.13448121 0.41286967
0.13521025 0.41397521
0.13594108 0.41508003
0.1366737 0.41618485
0.1374081 0.41728896
0.13814429 0.41839271
0.13888227 0.4194961
0.13962203 0.42059914
0.14036323 0.42170146
0.14110621 0.42280378
0.14185134 0.42390538
0.1425979 0.42500663
0.14334625 0.42610787
0.14409639 0.42720841
0.14484831 0.42830858
0.14560202 0.4294084
0.14635716 0.43050786
0.14711445 0.4316066
0.14787352 0.43270534
0.14863402 0.43380373
0.14939632 0.43490176
0.1501604 0.43599907
0.15092662 0.43709639
0.15169428 0.43819299
0.15246372 0.43928959
0.15323495 0.44038547
0.15400761 0.44148135
0.15478242 0.44257688
0.15555901 0.44367169
0.15633703 0.4447665
0.1571172 0.4458606
0.1578988 0.44695469
0.15868255 0.44804843
0.15946772 0.44914181
0.16025468 0.45023448
0.16104343 0.45132715
0.16183397 0.45241945
0.16262666 0.4535114
0.16342077 0.45460336
0.16421667 0.45569459
0.16501436 0.45678547
0.16581348 0.45787635
0.16661474 0.45896651
0.1674178 0.46005667
0.16822263 0.46114648
0.16902926 0.46223593
0.16983768 0.46332502
0.17064788 0.46441375
0.17145951 0.46550213
0.17227329 0.4665905
0.17308886 0.46767852
0.17390621 0.46876618
0.17472536 0.46985348
0.17554629 0.47094043
0.176369 0.47202737
0.17719351 0.47311396
0.17801944 0.47420019
0.17884752 0.47528606
0.17967775 0.47637158
0.18050941 0.47745709
0.18134285 0.47854225
0.18217808 0.47962705
0.1830151 0.48071185
0.18385426 0.48179629
0.18469486 0.48288038
0.1855376 0.4839641
0.18638177 0.48504783
0.18722808 0.4861312
0.18807619 0.48721421
0.18892608 0.48829687
0.18977776 0.48937952
0.19063122 0.49046182
0.19148684 0.49154412
0.19234388 0.49262605
0.19320307 0.49370764
0.19406404 0.49478922
0.1949268 0.49587044
0.19579135 0.49695131
0.19665769 0.49803218
0.19752617 0.49911269
0.19839609 0.5001932
0.19926815 0.50127335
0.20014199 0.50235314
0.20101799 0.50343294
0.20189541 0.50451237
0.20277498 0.50559181
0.20365633 0.50667089
0.20453947 0.50774961
0.20542476 0.50882833
0.20631184 0.50990705
0.2072007 0.51098542
0.20809135 0.51206342
0.20898415 0.51314143
0.20987873 0.51421944
0.21077511 0.51529673
0.21167362 0.51637438
0.21257393 0.51745167
0.21347602 0.5185286
0.21438026 0.51960553
0.21528629 0.52068247
0.21619446 0.52175904
0.21710406 0.52283526
0.21801616 0.52391184
0.2189297 0.5249877
0.21984538 0.52606392
0.2207632 0.52713942
0.22168282 0.52821528
0.22260422 0.52929079
0.22352776 0.53036629
0.2244531 0.53144144
0.22538057 0.53251658
0.22630984 0.53359137
0.22724125 0.53466616
0.22817445 0.53574095
0.2291098 0.53681538
0.23004693 0.53788981
0.23098621 0.53896424
0.23192727 0.54003831
0.23287048 0.54111239
0.23381584 0.54218646
0.23476298 0.54326018
0.23571227 0.54433389
0.23666335 0.54540761
0.23761657 0.54648097
0.23857194 0.54755433
0.2395291 0.54862768
0.2404884 0.54970104
0.24144984 0.55077404
0.24241308 0.55184704
0.24337845 0.55292004
0.24434598 0.55399269
0.24531565 0.55506533
0.24628711 0.55613797
0.24726071 0.55721062
0.24823646 0.5582829
0.24921399 0.55935519
0.25019403 0.56042747
0.25117586 0.56149976
0.25215983 0.56257205
0.25314594 0.56364397
0.25413421 0.5647159
0.25512426 0.56578783
0.25611681 0.56685976
0.25711115 0.56793169
0.25810763 0.56900326
0.25910662 0.57007483
0.2601074 0.5711464
0.26111032 0.57221797
0.26211539 0.57328954
0.2631226 0.57436111
0.26413196 0.57543232
0.26514346 0.57650354
0.26615746 0.57757511
0.26717326 0.57864632
0.26819119 0.57971753
0.26921128 0.58078839
0.27023386 0.5818596
0.27125824 0.58293081
0.27228512 0.58400167
0.27331414 0.58507288
0.27434531 0.58614374
0.27537862 0.58721459
0.27641444 0.58828545
0.27745204 0.5893563
0.27849214 0.59042716
0.2795344 0.59149802
0.28057879 0.59256887
0.28162569 0.59363973
0.28267474 0.59471058
0.28372593 0.59578108
0.28477926 0.59685194
0.2858351 0.59792279
0.28689309 0.59899329
0.28795357 0.60006414
0.28901621 0.60113464
0.29008098 0.6022055
0.29114826 0.603276
0.29221769 0.60434685
0.29328962 0.60541735
0.29436369 0.60648785
0.29544027 0.6075587
0.29651899 0.6086292
0.29760021 0.60970006
0.29868394 0.61077055
0.29976981 0.61184141
0.30085783 0.61291191
0.30194835 0.61398276
0.30304137 0.61505326
0.30413654 0.61612412
0.30523457 0.61719461
0.30633439 0.61826547
0.30743706 0.61933632
0.30854189 0.62040682
0.30964921 0.62147768
0.31075904 0.62254853
0.31187137 0.62361939
0.31298585 0.62468989
0.31410283 0.62576074
0.31522231 0.6268316
0.31634429 0.62790281
0.31746878 0.62897367
0.31859577 0.63004452
0.31972491 0.63111538
0.3208569 0.63218659
0.32199105 0.63325745
0.32312805 0.63432866
0.32426755 0.63539951
0.3254092 0.63647073
0.32655371 0.63754194
0.32770072 0.6386128
0.32884988 0.63968401
0.3300019 0.64075522
0.33115642 0.64182679
0.33231381 0.64289801
0.33347333 0.64396922
0.33463572 0.64504079
0.33580061 0.646112
0.336968 0.64718357
0.3381379 0.64825514
0.33931066 0.64932636
0.34048592 0.65039793
0.34166368 0.65146986
0.3428443 0.65254143
0.34402743 0.653613
0.34521306 0.65468492
0.34640154 0.65575649
0.34759289 0.65682842
0.34878675 0.65790035
0.3499831 0.65897228
0.35118232 0.66004421
0.35238403 0.66111614
0.35358861 0.66218806
0.35479605 0.66325999
0.35600599 0.66433228
0.35721879 0.66540456
0.3584341 0.66647649
0.35965226 0.66754878
0.36087329 0.66862106
0.36209717 0.66969335
0.36332356 0.67076599
0.36455281 0.67183828
0.36578492 0.67291092
0.36701989 0.67398321
0.36825772 0.67505585
0.36949806 0.67612849
0.37074161 0.67720114
0.37198766 0.67827378
0.37323657 0.67934678
0.37448835 0.68041942
0.37574334 0.68149242
0.37700084 0.68256507
0.37826119 0.68363807
0.37952477 0.68471107
0.38079084 0.68578407
0.38206014 0.68685707
0.38333229 0.68793007
0.38460731 0.68900343
0.38588518 0.69007643
0.38716628 0.69114979
0.38844987 0.69222279
0.38973669 0.69329615
0.39102672 0.69436951
0.39231925 0.69544286
0.39361501 0.69651622
0.39491398 0.69758958
0.39621581 0.69866294
0.3975205 0.69973665
0.39882841 0.70081001
0.40013918 0.70188373
0.40145317 0.70295744
0.40277002 0.7040308
0.40409008 0.70510452
0.40541337 0.70617823
0.40673951 0.70725195
0.40806888 0.70832567
0.4094011 0.70939938
0.4107369 0.7104731
0.41207556 0.71154681
0.41341707 0.71262089
0.41476217 0.7136946
0.41611012 0.71476832
0.41746165 0.71584239
0.41881605 0.71691611
0.42017365 0.71799018
0.42153448 0.7190639
0.42289853 0.72013797
0.42426579 0.72121169
0.42563627 0.72228576
0.42700997 0.72335948
0.42838724 0.72443355
0.42976737 0.72550762
0.43115073 0.72658134
0.43253765 0.72765541
0.4339278 0.72872913
0.43532116 0.7298032
0.4367181 0.73087692
0.4381179 0.73195099
0.43952128 0.73302471
0.44092823 0.73409842
0.44233804 0.7351725
0.44375178 0.73624621
0.44516839 0.73731993
0.44658857 0.73839364
0.44801232 0.73946736
0.44943929 0.74054107
0.45086984 0.74161479
0.45230361 0.74268851
0.45374095 0.74376186
0.45518187 0.74483558
0.456626 0.74590894
0.45807371 0.7469823
0.459525 0.74805566
0.4609795 0.74912901
0.46243794 0.75020237
0.4638996 0.75127573
0.46536483 0.75234873
0.46683363 0.75342173
0.46830602 0.75449473
0.46978197 0.75556773
0.4712615 0.75664073
0.47274461 0.75771338
0.4742313 0.75878602
0.47572156 0.75985866
0.47721539 0.76093131
0.47871316 0.76200359
0.48021414 0.76307588
0.48171906 0.76414816
0.48322755 0.76522009
0.48473998 0.76629202
0.48625563 0.76736395
0.4877752 0.76843588
0.48929872 0.76950745
0.4908258 0.77057866
0.49235646 0.77165023
0.49389106 0.77272144
0.49542923 0.7737923
0.49697133 0.77486351
0.49851737 0.77593401
0.50006698 0.77700487
0.50162053 0.77807501
0.50317765 0.7791455
0.50473906 0.78021564
0.50630404 0.78128543
0.50787261 0.78235521
0.50944546 0.78342464
0.51102189 0.78449406
0.5126026 0.78556313
0.5141869 0.7866322
0.51577513 0.78770091
0.51736764 0.78876962
0.51896374 0.78983797
0.52056376 0.79090596
0.52216772 0.79197396
0.52377597 0.79304124
0.52538815 0.79410888
0.52700427 0.7951758
0.52862432 0.79624272
0.5302483 0.79730929
0.53187657 0.79837585
0.53350878 0.7994417
0.53514492 0.80050755
0.53678535 0.80157304
0.53842971 0.80263818
0.54007836 0.80370296
0.54173095 0.80476773
0.54338782 0.80583179
0.54504863 0.80689586
0.54671373 0.8079592
0.54838276 0.80902255
0.55005644 0.81008554
0.55173406 0.81114817
0.55341561 0.81221009
0.5551018 0.81327201
0.55679193 0.81433356
0.55848635 0.81539441
0.56018506 0.81645525
0.56188806 0.81751538
0.56359535 0.81857515
0.56530693 0.81963457
0.5670228 0.82069362
0.56874296 0.82175232
0.57046742 0.82281031
0.57219616 0.82386793
0.57392955 0.8249252
0.57566687 0.82598175
0.57740885 0.82703795
0.57915511 0.82809379
0.58090566 0.82914891
0.58266087 0.83020368
0.58442036 0.83125809
0.5861845 0.83231178
0.58795293 0.83336476
0.58972565 0.83441738
0.59150302 0.83546928
0.59328504 0.83652083
0.59507135 0.83757166
0.5968623 0.83862214
0.59865755 0.83967154
0.60045745 0.84072095
0.60226199 0.84176928
0.60407118 0.84281689
0.60588466 0.84386415
0.60770279 0.84491069
0.60952557 0.84595652
0.611353 0.84700163
0.61318507 0.84804603
0.6150218 0.84909007
0.61686317 0.85013303
0.61870919 0.85117528
0.62055985 0.85221682
0.62241517 0.85325764
0.62427513 0.85429775
0.6261401 0.85533678
0.62800936 0.85637546
0.62988363 0.85741306
0.63176254 0.85844995
0.63364646 0.85948612
0.63553503 0.86052122
0.63742824 0.86155561
0.6393261 0.86258892
0.64122897 0.86362152
0.64313685 0.86465305
0.64504937 0.86568386
0.6469669 0.86671359
0.64888908 0.86774262
0.65081626 0.86877057
0.65274809 0.86979744
0.65468492 0.87082325
0.65662677 0.87184834
0.65857326 0.872872
0.66052511 0.87389494
0.66248161 0.87491681
0.66444312 0.87593761
0.66640963 0.87695734
0.66838079 0.87797563
0.67035731 0.87899321
0.67233884 0.88000936
0.67432502 0.8810248
0.67631656 0.8820388
0.67831311 0.88305138
0.68031466 0.88406324
0.68232086 0.88507331
0.68433278 0.88608267
0.68634935 0.8870906
0.68837093 0.88809709
0.69039786 0.88910252
0.69242981 0.89010651
0.69446676 0.89110908
0.69650907 0.89211057
0.69855639 0.89311027
0.70060871 0.8941089
0.7026664 0.8951061
0.70472909 0.89610187
0.70679715 0.89709621
0.70887021 0.89808912
0.71094864 0.89908024
0.71303207 0.90006994
0.71512086 0.90105856
0.71721466 0.90204503
0.71931382 0.90303043
0.72141835 0.90401405
0.72352788 0.90499587
0.72564313 0.90597627
0.72776339 0.90695488
0.72988866 0.9079317
0.73201964 0.90890709
0.73415563 0.90988069
0.73629698 0.9108525
0.7384437 0.91182253
0.74059578 0.91279077
0.74275287 0.91375722
0.74491567 0.91472189
0.74708348 0.9156844
0.74925702 0.91664513
0.75143591 0.91760408
0.75361981 0.91856123
0.75580944 0.91951589
0.75800406 0.92046911
0.76020441 0.92142018
0.76241012 0.92236912
0.7646212 0.9233159
0.76683764 0.92426054
0.76905944 0.92520304
0.7712866 0.92614375
0.77351949 0.92708195
0.77575774 0.92801801
0.77800135 0.92895193
0.78025033 0.9298837
0.78250466 0.93081296
0.78476472 0.93174008
0.78703015 0.9326647
0.78930093 0.93358682
0.79157744 0.93450679
0.79385931 0.93542426
0.79614654 0.93633922
0.79843949 0.93725168
0.80073781 0.93816164
0.80304149 0.9390691
0.80535089 0.93997405
0.80766566 0.94087614
0.80998578 0.94177573
0.81231163 0.94267282
0.81464284 0.94356705
0.81697978 0.94445842
0.81932207 0.94534692
0.82166973 0.94623292
0.82402311 0.94711607
0.82638221 0.94799599
0.82874667 0.94887341
0.8311165 0.94974762
0.83349169 0.95061896
0.83587296 0.95148745
0.83825923 0.95235271
0.84065122 0.95321476
0.84304894 0.95407395
0.84545202 0.95492992
0.84786046 0.95578267
0.85027462 0.9566322
0.85269415 0.95747852
0.85511939 0.95832161
0.85755 0.95916114
0.85998633 0.95999744
0.86242803 0.96083017
0.86487508 0.96165968
0.86732786 0.96248561
0.869786 0.96330797
0.8722495 0.96412676
0.87471873 0.96494233
0.87719367 0.9657536
0.87967363 0.96656166
0.8821593 0.96736578
0.88465033 0.96816633
0.88714709 0.96896295
0.88964921 0.96975563
0.89215669 0.97054474
0.89466954 0.97132956
0.8971881 0.97211044
0.89971203 0.97288775
0.90224097 0.97366041
0.90477598 0.9744295
0.907316 0.97519393
0.90986138 0.97595444
0.91241248 0.97671065
0.91496859 0.97746257
0.91753042 0.97821056
0.92009726 0.97895355
0.92266981 0.9796926
0.92524738 0.980427
0.92783066 0.98115676
0.93041895 0.98188222
0.9330126 0.98260304
0.93561161 0.98331921
0.93821563 0.98403037
0.94082537 0.98473724
0.94344012 0.98543911
0.94606023 0.98613597
0.94868534 0.98682818
0.95131582 0.98751539
0.95395131 0.98819759
0.95659216 0.98887478
0.95923801 0.98954697
0.96188923 0.9902138
0.96454509 0.99087562
0.96720668 0.99153208
0.96987291 0.99218317
0.97254415 0.9928289
0.97522075 0.99346927
0.97790236 0.99410428
0.98058861 0.99473392
0.98328023 0.99535784
0.9859765 0.99597604
0.98867777 0.99658852
0.99138405 0.99719563
0.99409534 0.99779667
0.99681127 0.99839199
0.99953221 0.99898123
1.0022578 0.99956475
1.004988 1.0001422
1.0077233 1.0007135
1.0104632 1.0012785
1.0132077 1.0018377
1.0159569 1.0023904
1.0187107 1.0029368
1.0214692 1.003477
1.0242323 1.0040105
1.0269997 1.0045379
1.0297718 1.0050585
1.0325485 1.0055726
1.0353295 1.00608
1.0381148 1.0065805
1.0409048 1.0070743
1.043699 1.0075617
1.0464975 1.0080415
1.0493 1.0085149
1.0521071 1.0089808
1.0549181 1.0094399
1.0577335 1.0098918
1.0605527 1.0103362
1.0633763 1.0107735
1.0662038 1.0112036
1.0690352 1.0116259
1.0718709 1.012041
1.0747102 1.0124486
1.0775534 1.0128484
1.0804002 1.0132406
1.0832509 1.013625
1.0861056 1.0140015
1.0889635 1.0143701
1.0918253 1.0147308
1.0946907 1.0150834
1.0975596 1.0154277
1.1004318 1.0157642
1.1033076 1.0160924
1.1061866 1.016412
1.1090691 1.0167235
1.1119549 1.0170263
1.1148435 1.0173206
1.1177353 1.0176062
1.1206304 1.0178833
1.1235287 1.0181519
1.1264298 1.0184111
1.1293335 1.0186617
1.1322403 1.0189034
1.1351501 1.0191358
1.1380623 1.0193593
1.140977 1.0195735
1.1438946 1.0197787
1.1468147 1.0199743
1.1497373 1.0201602
1.152662 1.0203368
1.1555893 1.0205042
1.1585187 1.0206615
1.1614502 1.0208092
1.1643839 1.0209468
1.1673197 1.0210748
1.1702573 1.0211928
1.1731967 1.0213008
1.1761379 1.0213984
1.1790812 1.021486
1.1820256 1.0215632
1.1849718 1.0216301
1.1879195 1.0216866
1.1908689 1.0217323
1.193819 1.0217677
1.1967706 1.0217921
1.1997235 1.021806
1.2026772 1.0218089
1.205632 1.0218006
1.2085875 1.0217813
1.2115441 1.0217513
1.214501 1.0217098
1.2174586 1.0216569
1.2204166 1.0215929
1.2233753 1.0215171
1.226334 1.0214299
1.2280835 1.0213734
1.2298312 1.0213144
1.2315764 1.0212529
1.2333198 1.0211885
1.2350614 1.0211213
1.2368005 1.0210516
1.2385379 1.0209794
1.240273 1.0209043
1.2420061 1.0208263
1.2437373 1.0207459
1.2454664 1.0206629
1.2471934 1.0205771
1.2489185 1.0204884
1.2506416 1.0203976
1.2523624 1.0203036
1.2540812 1.020207
1.2557981 1.020108
1.2575129 1.0200061
1.2592256 1.0199017
1.2609364 1.0197944
1.2626452 1.0196847
1.2643517 1.019572
1.2660562 1.0194569
1.2677588 1.0193389
1.2694593 1.0192184
1.2711576 1.0190951
1.2728542 1.0189692
1.2745486 1.0188409
1.2762409 1.0187093
1.2779314 1.0185756
1.2796194 1.018439
1.2813056 1.0182995
1.28299 1.0181576
1.2846719 1.0180131
1.286352 1.0178658
1.2880303 1.0177157
1.2897062 1.017563
1.2913802 1.0174078
1.2930521 1.0172498
1.2947218 1.0170889
1.2963898 1.0169255
1.2980556 1.0167596
1.2997193 1.0165908
1.3013812 1.0164195
1.3030405 1.0162454
1.3046981 1.0160688
1.3063539 1.0158893
1.3080076 1.0157073
1.3096591 1.0155225
1.3113085 1.0153351
1.3129557 1.0151449
1.3146011 1.0149522
1.3162444 1.0147566
1.3178859 1.0145585
1.3195249 1.0143576
1.3211621 1.0141541
1.3227976 1.0139478
1.3244305 1.013739
1.3260616 1.0135277
1.3276906 1.0133135
1.3293178 1.0130965
1.3309425 1.012877
1.3325654 1.0126546
1.3341865 1.0124297
1.3358051 1.0122023
1.337422 1.011972
1.3390367 1.0117392
1.3406496 1.0115036
1.3422603 1.0112651
1.3438689 1.0110242
1.3454754 1.0107807
1.3470801 1.0105343
1.3486826 1.0102855
1.350283 1.0100337
1.3518812 1.0097795
1.3534777 1.0095224
1.355072 1.0092629
1.3566641 1.0090004
1.3582545 1.0087355
1.3598427 1.0084677
1.3614288 1.0081974
1.3630131 1.0079242
1.3645952 1.0076485
1.3661752 1.00737
1.3677531 1.007089
1.3693292 1.0068054
1.3709031 1.006519
1.3724749 1.0062298
1.3740445 1.005938
1.3756124 1.0056434
1.3771781 1.0053463
1.378742 1.0050467
1.3803034 1.0047442
1.381863 1.0044388
1.3834208 1.004131
1.3849762 1.0038206
1.3865297 1.0035074
1.3880811 1.0031917
1.3896307 1.0028731
1.3911778 1.0025521
1.3927232 1.0022281
1.3942667 1.0019013
1.3958077 1.0015724
1.397347 1.0012402
1.3988841 1.0009059
1.4004194 1.0005684
1.4019525 1.0002287
1.4034836 0.99988582
1.4050124 0.99954079
1.4065395 0.9991929
1.4080641 0.99884214
1.4095873 0.99848888
1.4111079 0.99813277
1.4126268 0.99777415
1.4141435 0.99741267
1.4156581 0.99704868
1.4171708 0.9966822
1.4186815 0.99631285
1.42019 0.99594064
1.4216967 0.99556593
1.4232009 0.99518872
1.4247033 0.99480865
1.4262039 0.99442571
1.4277021 0.99404028
1.4291984 0.99365234
1.4306929 0.99326154
1.432185 0.99286823
1.4336753 0.99247207
1.4351634 0.99207341
1.4366497 0.99167188
1.4381335 0.99126749
1.4396156 0.99086096
1.4410954 0.99045121
1.4425735 0.99003932
1.4440495 0.9896242
1.4455233 0.98920695
1.446995 0.98878683
1.4484649 0.98836385
1.4499326 0.98793837
1.4513982 0.98751002
1.452862 0.98707918
1.4543236 0.98664547
1.4557831 0.98620926
1.4572405 0.98577055
1.4586961 0.98532898
1.4601495 0.98488455
1.4616012 0.98443762
1.4630503 0.98398818
1.4644977 0.98353588
1.4659429 0.98308072
1.4673863 0.98262306
1.4688272 0.9821629
1.4702667 0.98169987
1.4717037 0.98123435
1.4731389 0.98076596
1.4745716 0.98029471
1.4760028 0.97982096
1.4774316 0.97934471
1.4788586 0.97886559
1.4802834 0.97838397
1.4817061 0.9778995
1.483127 0.97741252
1.4845457 0.97692268
1.4859623 0.97643033
1.4873771 0.97593513
1.4887898 0.97543742
1.4902003 0.97493721
1.4916087 0.97443379
1.4930153 0.97392822
1.4944198 0.97341978
1.4958221 0.97290849
1.4972226 0.97239469
1.4986206 0.97187839
1.5000168 0.97135923
1.5014112 0.97083721
1.5028035 0.97031269
1.5041937 0.96978567
1.5055817 0.96925578
1.5069675 0.96872304
1.5083516 0.96818779
1.5097335 0.96765003
1.5111137 0.96710942
1.5124916 0.96656631
1.5138675 0.96602033
1.5152412 0.9654715
1.5166131 0.96492051
1.5179825 0.96436632
1.5193505 0.96380961
1.520716 0.96325041
1.5220796 0.96268834
1.5234412 0.96212378
1.5248006 0.96155671
1.5261582 0.96098642
1.5275137 0.96041398
1.528867 0.95983869
1.5302181 0.95926053
1.5315675 0.95867988
1.5329148 0.95809636
1.5342602 0.95751034
1.5356032 0.95692146
1.5369443 0.95633007
1.5382834 0.95573619
1.5396206 0.95513944
1.5409557 0.95453983
1.5422886 0.95393772
1.5436194 0.95333311
1.5449484 0.95272563
1.5462753 0.95211566
1.5476 0.95150282
1.5489229 0.95088712
1.5502437 0.95026892
1.5515623 0.94964822
1.5528788 0.94902466
1.5541935 0.94839859
1.5555061 0.94776967
1.5568165 0.94713824
1.5581251 0.94650395
1.5594312 0.94586715
1.5607359 0.9452275
1.5620381 0.94458534
1.5633385 0.94394033
1.5646368 0.94329281
1.5659329 0.94264243
1.5672272 0.94198955
1.5685194 0.94133416
1.5698094 0.94067592
1.5710973 0.94001481
1.5723834 0.9393512
1.5736673 0.93868473
1.5749492 0.93801576
1.5762292 0.93734429
1.5775071 0.93666995
1.5787828 0.93599276
1.5800564 0.93531306
1.5813282 0.93463086
1.5825978 0.9339458
1.5838657 0.93325823
1.585131 0.93256781
1.5863946 0.93187452
1.587656 0.93117873
1.5889157 0.93048044
1.5901732 0.92977929
1.5914285 0.92907564
1.5926817 0.92836912
1.5939332 0.92766011
1.5951824 0.92694823
1.5964296 0.92623385
1.5976749 0.92551661
1.5989177 0.92479687
1.6001591 0.92407426
1.601398 0.92334915
1.6026352 0.92262154
1.6038701 0.92189072
1.6051029 0.92115774
1.6063336 0.92042191
1.6075625 0.91968322
1.6087893 0.91894202
1.6100142 0.91819832
1.611237 0.91745176
1.6124577 0.91670234
1.6136762 0.91595042
1.614893 0.91519599
1.6161072 0.91443871
1.61732 0.91367856
1.6185303 0.91291591
1.6197388 0.91215076
1.6209452 0.91138275
1.6221494 0.91061223
1.6233518 0.90983886
1.6245521 0.90906298
1.6257503 0.90828424
1.6269463 0.907503
1.6281405 0.90671889
1.6293325 0.90593229
1.6305224 0.90514282
1.6317106 0.90435086
1.6328966 0.90355603
1.6340804 0.9027587
1.6352625 0.9019585
1.636442 0.90115581
1.6376201 0.90035025
1.6387957 0.8995422
1.6399696 0.89873164
1.6411413 0.89791821
1.6423108 0.89710193
1.6434782 0.89628315
1.6446438 0.89546186
1.6458073 0.89463771
1.6469689 0.89381071
1.6481281 0.8929812
1.6492855 0.89214918
1.6504411 0.89131431
1.6515942 0.89047657
1.6527455 0.88963634
1.6538946 0.8887936
1.6550416 0.887948
1.6561869 0.88709989
1.6573299 0.88624893
1.6584709 0.88539546
1.65961 0.88453914
1.660747 0.88368031
1.6618819 0.88281862
1.663015 0.88195442
1.6641455 0.88108737
1.6652743 0.88021781
1.6664013 0.8793454
1.6675258 0.87847048
1.6686485 0.8775927
1.669769 0.87671242
1.6708878 0.87582963
1.6720044 0.87494398
1.6731189 0.87405548
1.6742312 0.87316447
1.6753418 0.8722706
1.6764498 0.87137423
1.6775564 0.87047535
1.6786605 0.86957362
1.6797628 0.86866902
1.680863 0.86776228
1.681961 0.86685232
1.6830573 0.86593986
1.6841514 0.8650249
1.6852433 0.86410707
1.6863335 0.86318674
1.6874215 0.86226355
1.6885074 0.86133751
1.6895911 0.86040931
1.6906731 0.8594779
1.6917529 0.85854434
1.6928305 0.85760757
1.693906 0.85666865
1.6949797 0.85572651
1.6960513 0.85478222
1.6971211 0.85383508
1.6981887 0.85288508
1.6992542 0.85193257
1.7003176 0.8509772
1.7013788 0.85001933
1.7024382 0.8490586
1.7034954 0.84809537
1.7045509 0.84712963
1.7056043 0.84616103
1.7066554 0.84518958
1.7077045 0.84421562
1.7087514 0.84323915
1.7097965 0.84225983
1.7108398 0.84127765
1.7118806 0.84029296
1.7129197 0.83930577
1.7139566 0.83831572
1.7149913 0.83732317
1.7160243 0.83632776
1.7170551 0.83532984
1.7180837 0.83432906
1.7191103 0.83332543
1.720135 0.83231965
1.7211576 0.83131065
1.7221784 0.8302995
1.7231967 0.82928514
1.7242132 0.82826863
1.7252275 0.82724926
1.7262401 0.82622703
1.7272505 0.8252023
1.7282588 0.82417471
1.729265 0.82314461
1.7302693 0.82211166
1.7312715 0.8210762
1.7322716 0.82003824
1.7332699 0.81899742
1.7342656 0.81795374
1.7352596 0.81690755
1.7362518 0.81585886
1.7372419 0.81480732
1.7382298 0.81375291
1.7392155 0.812696
1.7401991 0.81163658
1.741181 0.81057431
1.7421606 0.80950953
1.7431385 0.80844189
1.7441143 0.8073714
1.7450879 0.80629839
1.7460593 0.80522289
1.7470287 0.80414453
1.7479962 0.80306366
1.7489616 0.80197993
1.7499252 0.8008937
1.7508866 0.79980461
1.7518459 0.79871302
1.7528031 0.79761857
1.7537584 0.79652161
1.7547116 0.79542215
1.7556627 0.79431947
1.7566117 0.79321465
1.7575588 0.79210697
1.7585038 0.79099642
1.7594466 0.78988338
1.7603877 0.78876783
1.7613266 0.78764906
1.7622634 0.78652815
1.7631984 0.78540438
1.7641309 0.78427774
1.7650619 0.78314897
1.7659905 0.78201697
1.7669173 0.78088247
1.7678419 0.77974547
1.7687643 0.77860561
1.7696847 0.77746288
1.7706032 0.77631802
1.7715196 0.77516993
1.7724342 0.77401934
1.7733463 0.77286625
1.7742566 0.7717103
1.7751652 0.77055184
1.7760712 0.76939053
1.7769754 0.76822671
1.7778775 0.76706003
1.7787778 0.76589085
1.7796756 0.76471917
1.7805716 0.76354427
1.7814659 0.76236722
1.7823576 0.76118731
1.7832475 0.76000454
1.7841353 0.75881927
1.7850213 0.75763114
1.7859048 0.75644051
1.7867865 0.75524737
1.7876665 0.75405137
1.7885439 0.75285252
1.7894195 0.75165116
1.790293 0.75044729
1.7911647 0.74924057
1.7920343 0.74803134
1.7929017 0.74681926
1.7937669 0.74560431
1.7946304 0.74438686
1.7954918 0.74316691
1.7963509 0.74194409
1.797208 0.74071878
1.7980632 0.7394906
1.7989163 0.73825992
1.7997673 0.73702638
1.8006165 0.73579034
1.8014635 0.73455144
1.8023084 0.73331003
1.8031515 0.73206576
1.8039924 0.73081899
1.8048313 0.72956936
1.8056679 0.72831723
1.8065028 0.7270626
1.8073355 0.72580474
1.8081661 0.72454475
1.8089949 0.72328189
1.8098212 0.72201617
1.8106461 0.72074795
1.8114684 0.71947722
1.812289 0.71820364
1.8131074 0.71692719
1.8139237 0.71564824
1.8147382 0.71436679
1.8155502 0.71308248
1.8163607 0.71179531
1.8171688 0.71050599
1.8179751 0.70921346
1.8187792 0.70791842
1.8195812 0.70662088
1.8203814 0.70532048
1.8211794 0.70401757
1.8219753 0.70271181
1.8227691 0.70140354
1.823561 0.70009241
1.8243509 0.69877878
1.8251385 0.69746229
1.8259244 0.6961433
1.8267082 0.69482145
1.8274898 0.69349709
1.8282696 0.69216987
1.8290469 0.69084015
1.8298224 0.68950793
1.8305961 0.68817285
1.8313674 0.6868349
1.8321368 0.68549446
1.8329045 0.68415151
1.8336696 0.6828057
1.834433 0.68145703
1.8351942 0.68010585
1.8359533 0.67875218
1.8367106 0.67739564
1.8374657 0.67603624
1.8382187 0.67467435
1.8389699 0.67330994
1.839719 0.67194268
1.8404659 0.67057292
1.8412107 0.66920029
1.8419537 0.66782516
1.8426945 0.66644717
1.8434332 0.66506632
1.8441701 0.66368333
1.8449048 0.66229712
1.7932767 0.75657816
1.7895447 0.76327432
1.7905622 0.76144832
1.7909016 0.76083942
1.7936161 0.75596962
1.794973 0.75353436
1.7959905 0.75170836
1.7929374 0.75718707
1.7881874 0.76570958
1.7885267 0.76510067
1.7925981 0.75779561
1.7912409 0.76023087
1.7871698 0.76753557
1.788866 0.76449213
1.7919195 0.75901306
1.7922588 0.75840452
1.7946336 0.75414326
1.7892053 0.76388322
1.7915802 0.75962197
1.785474 0.77057938
1.7983643 0.74744711
1.7878481 0.76631812
1.7987036 0.74683821
1.7963298 0.75109946
1.7864916 0.76875338
1.7861522 0.76936193
1.7973471 0.74927311
1.785135 0.77118828
1.7875091 0.76692703
1.7966688 0.75049091
1.7953123 0.75292581
1.789884 0.76266577
1.7956512 0.75231691
1.7834395 0.77423208
1.7858133 0.76997083
1.7942943 0.75475217
1.7939554 0.75536071
1.7902229 0.76205687
1.7976864 0.74866456
1.7847957 0.77179683
1.7970081 0.74988201
1.7837788 0.77362318
1.7841178 0.77301428
1.7868305 0.76814448
1.7827616 0.77544953
1.7817451 0.77727553
1.7997205 0.74501221
1.7993815 0.74562076
1.7844568 0.77240573
1.7831006 0.77484063
1.7980253 0.74805566
1.7990426 0.74622966
1.8003984 0.7437944
1.8000594 0.74440331
1.7807286 0.77910188
1.8010759 0.74257695
1.8014149 0.74196841
1.7820841 0.77666698
1.7810676 0.77849334
1.8007373 0.74318586
1.8017535 0.7413595
1.7824227 0.77605808
1.8020924 0.74075096
1.78039 0.77971079
1.7800511 0.78031933
1.7814062 0.77788443
1.8027696 0.73953315
1.7786967 0.78275423
1.7797125 0.78092824
1.8037854 0.73770715
1.8031082 0.7389246
1.7793739 0.78153678
1.7790353 0.78214569
1.8034468 0.7383157
1.802431 0.74014205
1.7770044 0.78579804
1.8044623 0.7364897
1.804124 0.73709825
1.7780198 0.78397204
1.7776812 0.78458059
1.777343 0.78518949
1.7783581 0.78336314
1.8048009 0.7358808
1.8061538 0.7334459
1.7766661 0.78640694
1.8054773 0.73466335
1.8058156 0.73405444
1.7763279 0.78701549
1.8051391 0.73527189
1.7759897 0.78762439
1.7756514 0.78823329
1.8071682 0.73161954
1.8064921 0.73283699
1.7753135 0.78884184
1.7746374 0.79005929
1.7749753 0.78945074
1.8068299 0.73222845
1.7742992 0.79066819
1.7739613 0.79127674
1.8085197 0.72918464
1.8075061 0.731011
1.8081818 0.72979319
1.7736234 0.79188564
1.807844 0.73040209
1.7719347 0.79492945
1.772948 0.79310309
1.7722726 0.79432055
1.7732855 0.79249455
1.8088576 0.72857574
1.7726101 0.793712
1.8095327 0.72735829
1.8091951 0.72796719
1.7712597 0.7961469
1.8098702 0.72674974
1.7715972 0.795538
1.8102077 0.72614084
1.7702475 0.79797325
1.7709221 0.79675545
1.8105452 0.72553194
1.770585 0.79736435
1.8118939 0.72309704
1.8108824 0.72492339
1.7695731 0.7991907
1.7699103 0.7985818
1.8112196 0.72431449
1.8115567 0.72370594
1.7692359 0.79979925
1.768562 0.8010167
1.8122311 0.72248849
1.7688988 0.80040815
1.7682248 0.8016256
1.7672144 0.80345196
1.767888 0.80223451
1.8135783 0.72005323
1.8129047 0.72127104
1.8125679 0.72187959
1.7675512 0.80284305
1.8132415 0.72066214
1.7668776 0.8040605
1.8139151 0.71944469
1.8142516 0.71883578
1.7658682 0.80588686
1.7655318 0.8064954
1.7662047 0.80527795
1.7665411 0.80466941
1.8152606 0.71700979
1.8149241 0.71761833
1.7648592 0.80771321
1.7645228 0.80832176
1.814588 0.71822724
1.7651953 0.80710431
1.8159328 0.71579198
1.7641867 0.80893066
1.8155967 0.71640088
1.7638506 0.80953921
1.7635148 0.81014811
1.8162689 0.71518343
1.7631787 0.81075666
1.8172761 0.71335708
1.7625073 0.81197446
1.8169403 0.71396598
1.8166046 0.71457453
1.762843 0.81136556
1.7621715 0.81258301
1.8176118 0.71274853
1.7618361 0.81319191
1.7615004 0.81380046
1.761165 0.81440936
1.8182826 0.71153072
1.8179472 0.71213963
1.7608296 0.81501791
1.8186179 0.71092218
1.7601592 0.81623572
1.7604946 0.81562681
1.818953 0.71031327
1.7598242 0.81684426
1.819623 0.70909582
1.819288 0.70970473
1.7594892 0.81745317
1.7588195 0.81867062
1.7584845 0.81927916
1.819958 0.70848728
1.7591542 0.81806171
1.8202927 0.70787837
1.8206274 0.70726983
1.7581498 0.81988807
1.7578155 0.82049661
1.7574809 0.82110552
1.7571465 0.82171442
1.8216303 0.70544347
1.821296 0.70605202
1.7568122 0.82232297
1.7564779 0.82293187
1.8209617 0.70666092
1.8219646 0.70483457
1.7561436 0.82354042
1.8222985 0.70422602
1.7558097 0.82414932
1.7554757 0.82475787
1.8226325 0.70361712
1.7551418 0.82536677
1.7548082 0.82597568
1.754141 0.82719313
1.7544746 0.82658422
1.7538074 0.82780167
1.8229661 0.70300857
1.8232997 0.70239967
1.8236333 0.70179077
1.7534738 0.82841058
1.7531406 0.82901912
1.8242997 0.70057332
1.8239665 0.70118222
1.7528073 0.82962803
1.824633 0.69996477
1.7524745 0.83023657
1.7521412 0.83084548
1.7518084 0.83145438
1.8249658 0.69935587
1.7514755 0.83206293
1.8252987 0.69874732
1.8259638 0.69752987
1.8256312 0.69813842
1.7508104 0.83328038
1.751143 0.83267183
1.7504779 0.83388928
1.7501454 0.83449783
1.7498132 0.83510673
1.8262963 0.69692097
1.7494807 0.83571563
1.8266284 0.69631206
1.8269606 0.69570352
1.7491489 0.83632418
1.7488168 0.83693308
1.748485 0.83754163
1.7481531 0.83815053
1.8276242 0.69448607
1.8272924 0.69509461
1.827956 0.69387716
1.7478213 0.83875908
1.7471584 0.83997689
1.8282875 0.69326862
1.746827 0.84058543
1.7474899 0.83936798
1.7464956 0.84119434
1.8286189 0.69265971
1.7461645 0.84180288
1.82895 0.69205081
1.7458334 0.84241179
1.8292811 0.69144226
1.7455026 0.84302033
1.8296118 0.69083336
1.7448412 0.84423778
1.7451719 0.84362924
1.8299425 0.69022481
1.7445105 0.84484669
1.7441801 0.84545559
1.8306033 0.68900736
1.7438497 0.84606414
1.8302729 0.68961591
1.7435193 0.84667304
1.8309337 0.68839846
1.7428593 0.84789049
1.7431893 0.84728159
1.7425293 0.84849904
1.8312637 0.68778955
1.7421993 0.84910794
1.831923 0.6865721
1.8315933 0.68718101
1.7418696 0.84971685
1.7415403 0.85032539
1.8322527 0.68596356
1.7412106 0.8509343
1.7408813 0.85154284
1.832582 0.68535465
1.8329113 0.68474611
1.740552 0.85215175
1.7395652 0.85397774
1.7398942 0.8533692
1.7402231 0.85276029
1.8332402 0.6841372
1.7392363 0.85458665
1.7389077 0.85519555
1.8335688 0.68352866
1.8338974 0.68291975
1.7385791 0.8558041
1.834226 0.68231085
1.7382509 0.856413
1.7379226 0.85702155
1.7375944 0.85763045
1.7372665 0.858239
1.8345542 0.6817023
1.8348821 0.6810934
1.7369383 0.8588479
1.8352099 0.68048485
1.7366108 0.8594568
1.7362829 0.86006535
1.8355375 0.67987595
1.7359554 0.86067425
1.7356279 0.8612828
1.835865 0.6792674
1.7349736 0.86250025
1.7353007 0.8618917
1.8361921 0.6786585
1.8365193 0.6780496
1.7346464 0.86310915
1.7339928 0.8643266
1.7343196 0.86371806
1.8368461 0.67744105
1.733666 0.86493551
1.7330131 0.86615296
1.8371725 0.67683215
1.7333396 0.86554405
1.837499 0.6762236
1.8378254 0.6756147
1.7326867 0.8667615
1.7323606 0.86737041
1.7320345 0.86797895
1.8381515 0.67500615
1.7313831 0.86919676
1.7317088 0.86858786
1.730732 0.87041421
1.7310574 0.86980531
1.8384772 0.67439725
1.8388026 0.6737887
1.7304063 0.87102276
1.839128 0.6731798
1.7300813 0.87163166
1.7297559 0.87224021
1.8394533 0.67257089
1.839778 0.67196235
1.7291062 0.87345802
1.7294312 0.87284911
1.7284569 0.87467547
1.840103 0.67135344
1.7287816 0.87406656
1.7281323 0.87528401
1.8404273 0.6707449
1.727808 0.87589292
1.727484 0.87650146
1.8407516 0.67013599
1.7271597 0.87711037
1.8410755 0.66952745
1.7268358 0.87771891
1.7265122 0.87832782
1.7261883 0.87893672
1.7255415 0.88015417
1.7258651 0.87954527
1.7252182 0.88076272
1.724895 0.88137162
1.7245722 0.88198017
1.7239268 0.88319797
1.7242493 0.88258907
1.7236039 0.88380652
1.7229593 0.88502397
1.7232818 0.88441542
1.8456375 0.66090876
1.8413995 0.66891854
1.7226371 0.88563287
1.7223153 0.88624142
1.7219932 0.88685032
1.7216717 0.88745923
1.7213499 0.88806777
1.7210285 0.88867668
1.7207071 0.88928522
1.720386 0.88989413
1.7200649 0.89050267
1.7194235 0.89172012
1.7197442 0.89111158
1.7191028 0.89232903
1.7187824 0.89293793
1.718462 0.89354648
1.7181417 0.89415538
1.7178217 0.89476393
1.717502 0.89537283
1.717182 0.89598138
1.7168624 0.89659028
1.7162238 0.89780773
1.7165431 0.89719919
1.7159045 0.89841664
1.7155856 0.89902518
1.7152666 0.89963409
1.714948 0.90024263
1.7146295 0.90085154
1.7143109 0.90146008
1.7136745 0.90267789
1.7139927 0.90206899
1.7133562 0.90328644
1.7130384 0.90389534
1.7127209 0.90450389
1.7124034 0.90511279
1.7120859 0.90572134
1.7114516 0.90693914
1.7117687 0.90633024
1.7111344 0.90754769
1.7108177 0.90815659
1.7105009 0.90876514
1.7101844 0.90937404
1.709868 0.90998259
1.7092359 0.9112004
1.7095519 0.91059149
1.7089198 0.91180894
1.7086041 0.91241785
1.7082884 0.91302639
1.707973 0.9136353
1.7076576 0.91424384
1.7070276 0.91546129
1.7073426 0.91485275
1.7067126 0.9160702
1.706398 0.9166791
1.7060834 0.91728765
1.7057691 0.91789655
1.7054548 0.9185051
1.7051405 0.919114
1.7048266 0.91972255
1.7045127 0.92033145
1.7041991 0.92094036
1.7038855 0.9215489
1.7035723 0.92215781
1.7032591 0.92276635
1.7026334 0.9239838
1.7029462 0.92337526
1.7023205 0.92459271
1.702008 0.92520125
1.7016955 0.92581016
1.701383 0.92641906
1.7007591 0.92763651
1.7010713 0.92702761
1.7004473 0.92824506
1.7001356 0.92885396
1.6998241 0.92946251
1.6995127 0.93007141
1.6992016 0.93068031
1.6988906 0.93128886
1.6985799 0.93189776
1.6982692 0.93250631
1.6979585 0.93311521
1.6976481 0.93372376
1.6973377 0.93433266
1.6970278 0.93494157
1.6967178 0.93555011
1.6964081 0.93615902
1.6960985 0.93676756
1.6957889 0.93737647
1.6954796 0.93798501
1.6951707 0.93859392
1.6948617 0.93920246
1.6945528 0.93981137
1.6942439 0.94042027
1.6936271 0.94163772
1.6939357 0.94102882
1.6933189 0.94224627
1.6930111 0.94285517
1.6927032 0.94346372
1.6923954 0.94407262
1.6920879 0.94468153
1.6917804 0.94529007
1.6914732 0.94589898
1.6911661 0.94650752
1.690859 0.94711643
1.6905522 0.94772497
1.6899394 0.94894242
1.6902458 0.94833388
1.689633 0.94955133
1.6893269 0.95016023
1.6890208 0.95076878
1.6884094 0.95198623
1.6887151 0.95137768
1.6881037 0.95259513
1.6877984 0.95320368
1.6871884 0.95442148
1.6874934 0.95381258
1.6868834 0.95503003
1.6865788 0.95563893
1.6862741 0.95624748
1.6859699 0.95685638
1.6856656 0.95746493
1.6850578 0.95868274
1.6853617 0.95807383
1.6847539 0.95929128
1.6844503 0.95990019
1.6841467 0.96050873
1.6838435 0.96111764
1.6835403 0.96172618
1.6832375 0.96233509
1.6829347 0.96294363
1.6826322 0.96355254
1.6823297 0.96416144
1.6820276 0.96476999
1.6817254 0.96537889
1.6814233 0.96598744
1.6811215 0.96659634
1.6808198 0.96720489
1.6805183 0.96781379
1.6802169 0.9684227
1.6799159 0.96903124
1.6796148 0.96964015
1.6790134 0.9708576
1.6793141 0.97024869
1.6787127 0.97146614
1.6784124 0.97207505
1.6781124 0.97268359
1.6778124 0.9732925
1.6775124 0.9739014
1.6772128 0.97450995
1.6769132 0.97511885
1.6766136 0.9757274
1.6760154 0.97694485
1.6763147 0.9763363
1.6757165 0.97755375
1.6751194 0.9787712
1.6754179 0.97816265
1.6748208 0.9793801
1.6745226 0.97998865
1.6742244 0.98059755
1.6739266 0.9812061
1.6736288 0.981815
1.6730338 0.98303245
1.6733313 0.98242391
1.6727363 0.98364136
1.6724392 0.9842499
1.6718457 0.98546735
1.6721424 0.98485881
1.6715489 0.98607626
1.6712525 0.9866848
1.6709561 0.98729371
1.67066 0.98790261
1.670364 0.98851116
1.6700683 0.98912006
1.6697726 0.98972861
1.6694769 0.99033751
1.6691816 0.99094606
1.6688866 0.99155496
1.6685913 0.99216386
1.6682966 0.99277241
1.6677074 0.99398986
1.668002 0.99338131
1.6674128 0.99459876
1.6671189 0.99520731
1.6668246 0.99581621
1.6665307 0.99642476
1.6659436 0.99764257
1.6662372 0.99703366
1.6656501 0.99825112
1.6653569 0.99886002
1.6650637 0.99946857
1.6647709 1.0000775
1.664478 1.000686
1.6641856 1.0012949
1.6638931 1.0019038
1.6633089 1.0031213
1.663601 1.0025124
1.6630167 1.0037298
1.662725 1.0043387
1.6624332 1.0049473
1.6618508 1.0061651
1.6621418 1.0055562
1.6615594 1.0067736
1.6612687 1.0073825
1.6609776 1.0079911
1.660687 1.0086
1.6603966 1.0092085
1.6601063 1.0098174
1.659816 1.010426
1.659526 1.0110349
1.659236 1.0116438
1.6586572 1.0128612
1.6583675 1.0134698
1.6589464 1.0122523
1.6580783 1.0140787
1.6577894 1.0146872
1.657212 1.015905
1.6575005 1.0152961
1.6569231 1.0165136
1.6566349 1.0171225
1.6563467 1.017731
1.6560585 1.0183399
1.6557707 1.0189485
1.6554829 1.0195574
1.6551954 1.0201659
1.6549079 1.0207748
1.6546204 1.0213837
1.6543333 1.0219923
1.6540466 1.0226012
1.6537598 1.0232097
1.6534731 1.0238186
1.6531867 1.0244272
1.6529003 1.0250361
1.6526142 1.025645
1.6523282 1.0262535
1.6520422 1.0268624
1.6517565 1.027471
1.6514712 1.0280799
1.6511858 1.0286884
1.6509005 1.0292973
1.6506156 1.0299062
1.6503306 1.0305148
1.650046 1.0311237
1.6497614 1.0317322
1.6494771 1.0323411
1.6491929 1.0329497
1.6489086 1.0335586
1.6486247 1.0341671
1.6483408 1.034776
1.6477741 1.0359935
1.6474906 1.0366024
1.6480573 1.035385
1.6472074 1.0372109
1.6466418 1.0384284
1.6469246 1.0378199
1.6463589 1.0390373
1.6460765 1.0396462
1.6455123 1.0408637
1.6457944 1.0402548
1.6452302 1.0414722
1.6449484 1.0420811
1.6446667 1.0426897
1.6443849 1.0432986
1.6441035 1.0439071
1.6435415 1.0451249
1.6438225 1.044516
1.6432604 1.0457335
1.6429798 1.0463424
1.6426991 1.0469509
1.6421385 1.0481684
1.6424188 1.0475598
1.6418581 1.0487773
1.6415782 1.0493862
1.6412986 1.0499947
1.641019 1.0506036
1.6407394 1.0512122
1.6404601 1.0518211
1.6401809 1.0524296
1.6396231 1.0536474
1.639902 1.0530385
1.6393442 1.054256
1.6387875 1.0554734
1.6390657 1.0548649
1.638509 1.0560823
1.6382312 1.0566909
1.637953 1.0572998
1.6376755 1.0579083
1.6373977 1.0585172
1.6371203 1.0591261
1.6365661 1.0603436
1.6368432 1.0597347
1.636289 1.0609521
1.6360122 1.061561
1.6357355 1.0621696
1.6354587 1.0627785
1.6351824 1.0633874
1.6349063 1.0639959
1.6346303 1.0646048
1.6343543 1.0652134
1.6340786 1.0658223
1.6338029 1.0664308
1.6335276 1.0670397
1.6332523 1.0676483
1.6327024 1.0688661
1.6329774 1.0682572
1.6324275 1.0694746
1.6321529 1.0700835
1.6318783 1.0706921
1.6313298 1.0719095
1.631604 1.071301
1.6310555 1.0725184
1.6307817 1.0731273
1.6305081 1.0737359
1.6302346 1.0743448
1.6299611 1.0749533
1.6296879 1.0755622
1.6294148 1.0761708
1.6291416 1.0767797
1.6288688 1.0773886
1.6285963 1.0779971
1.6283239 1.078606
1.6280514 1.0792146
1.6277793 1.0798235
1.6275072 1.080432
1.6272352 1.0810409
1.6269634 1.0816495
1.626692 1.0822584
1.6264203 1.0828673
1.6261493 1.0834758
1.6258779 1.0840847
1.6256072 1.0846933
1.6253362 1.0853022
1.6250656 1.0859107
1.6247949 1.0865196
1.6245246 1.0871285
1.6242546 1.0877371
1.6239843 1.088346
1.6237144 1.0889545
1.6234448 1.0895634
1.6231752 1.090172
1.6229056 1.0907809
1.6226364 1.0913894
1.6223671 1.0919983
1.6218294 1.0932158
1.6220983 1.0926072
1.6215605 1.0938247
1.621292 1.0944332
1.6210235 1.0950421
1.6207553 1.0956507
1.6204872 1.0962596
1.6202193 1.0968685
1.6199515 1.097477
1.6196837 1.098086
1.6194163 1.0986945
1.6191489 1.0993034
1.6188818 1.0999119
1.6186147 1.1005209
1.6183479 1.1011298
1.6180812 1.1017383
1.6178145 1.1023472
1.6175481 1.1029558
1.6172817 1.1035647
1.6170154 1.1041732
1.6167493 1.1047821
1.6164837 1.1053907
1.616218 1.1059996
1.6159524 1.1066085
1.6156871 1.107217
1.6154218 1.1078259
1.6151565 1.1084345
1.6148915 1.1090434
1.6146266 1.1096519
1.614362 1.1102608
1.6140974 1.1108697
1.613569 1.1120872
1.6138332 1.1114783
1.6133047 1.1126957
1.6130409 1.1133046
1.612777 1.1139132
1.6125135 1.1145221
1.61225 1.1151306
1.6119865 1.1157395
1.6111973 1.1175659
1.6117233 1.1163484
1.6114605 1.116957
1.6109345 1.1181744
1.6104097 1.1193919
1.6106721 1.1187833
1.6101472 1.1200008
1.6098851 1.1206097
1.6096231 1.1212182
1.6093613 1.1218271
1.6090996 1.1224357
1.6088379 1.1230446
1.6085765 1.1236531
1.6083152 1.124262
1.6080538 1.1248709
1.6077928 1.1254795
1.6075321 1.1260884
1.6072715 1.1266969
1.6070108 1.1273058
1.6064902 1.1285233
1.6067505 1.1279144
1.6062299 1.1291318
1.60597 1.1297407
1.6057101 1.1303496
1.6051909 1.1315671
1.6054505 1.1309582
1.6049313 1.1321756
1.6046721 1.1327845
1.6044129 1.1333931
1.604154 1.134002
1.6038951 1.1346109
1.6036366 1.1352194
1.6031196 1.1364369
1.6033781 1.1358283
1.6028611 1.1370458
1.6026033 1.1376543
1.6023452 1.1382632
1.6020874 1.1388718
1.6018296 1.1394807
1.6015722 1.1400896
1.6013147 1.1406981
1.6010577 1.141307
1.6008002 1.1419156
1.6005435 1.1425245
1.6002864 1.143133
1.6000297 1.1437419
1.5997733 1.1443508
1.599517 1.1449594
1.5992606 1.1455683
1.5990046 1.1461768
1.5987486 1.1467857
1.5984926 1.1473943
1.598237 1.1480032
1.5979813 1.1486121
1.597726 1.1492206
1.5974707 1.1498295
1.5969609 1.151047
1.5967059 1.1516555
1.5972158 1.1504381
1.596451 1.1522644
1.5961964 1.152873
1.595688 1.1540908
1.5959422 1.1534819
1.5954338 1.1546993
1.5951799 1.1553082
1.5949261 1.1559168
1.5946722 1.1565257
1.5944187 1.1571342
1.5941652 1.1577431
1.5936589 1.1589606
1.5939121 1.1583521
1.5934058 1.1595695
1.5929002 1.160787
1.593153 1.160178
1.5926474 1.1613955
1.592395 1.1620044
1.5921429 1.1626129
1.5918905 1.1632219
1.5916388 1.1638308
1.5913867 1.1644393
1.591135 1.1650482
1.5908833 1.1656568
1.5906319 1.1662657
1.5903806 1.1668742
1.5901292 1.1674831
1.5893766 1.1693095
1.5898782 1.168092
1.5896276 1.1687006
1.5891259 1.169918
1.5888756 1.1705269
1.588625 1.1711355
1.5881248 1.1723533
1.5883751 1.1717444
1.5878749 1.1729618
1.5876249 1.1735707
1.5873754 1.1741793
1.5871258 1.1747882
1.5868766 1.1753967
1.5866274 1.1760056
1.5863782 1.1766142
1.5858805 1.177832
1.5861293 1.1772231
1.5856316 1.1784405
1.5853831 1.1790494
1.5851346 1.179658
1.5848865 1.1802669
1.5846383 1.1808754
1.5843902 1.1814843
1.5841424 1.1820932
1.5838946 1.1827018
1.5836469 1.1833107
1.5833994 1.1839192
1.583152 1.1845281
1.582905 1.1851367
1.5826579 1.1857456
1.5824112 1.1863541
1.5821641 1.186963
1.5816711 1.1881805
1.5819178 1.1875719
1.5814247 1.1887894
1.5811784 1.1893979
1.5809324 1.1900068
1.5806864 1.1906154
1.5801951 1.1918332
1.5804407 1.1912243
1.5799495 1.1924417
1.5797042 1.1930506
1.5794589 1.1936592
1.5792136 1.1942681
1.5789687 1.1948766
1.5787238 1.1954855
1.5784789 1.1960944
1.5777455 1.1979204
1.5779901 1.1973119
1.5782343 1.196703
1.5775013 1.1985293
1.5767698 1.2003553
1.5770136 1.1997468
1.5772575 1.1991379
1.5765259 1.2009642
1.5760393 1.2021817
1.5757958 1.2027906
1.5762825 1.2015731
1.5755527 1.2033991
1.5753099 1.204008
1.5750671 1.2046166
1.5748244 1.2052255
1.5745816 1.2058344
1.5743392 1.2064429
1.573613 1.2082693
1.5740971 1.2070518
1.5738551 1.2076604
1.5733709 1.2088778
1.5731292 1.2094867
1.5728875 1.2100953
1.5724048 1.2113131
1.5726462 1.2107042
1.5721635 1.2119216
1.5719225 1.2125305
1.5716815 1.2131391
1.5714405 1.213748
1.5711999 1.2143565
1.570719 1.2155744
1.5709596 1.2149654
1.5704787 1.2161829
1.5699986 1.2174003
1.5702388 1.2167918
1.5697586 1.2180093
1.5695191 1.2186178
1.5692795 1.2192267
1.56904 1.2198356
1.5685616 1.2210531
1.5688008 1.2204442
1.5683224 1.2216616
1.5678447 1.2228791
1.5680835 1.2222705
1.5676058 1.223488
1.5673674 1.2240965
1.5671289 1.2247054
1.5668907 1.2253143
1.5666526 1.2259229
1.5664145 1.2265318
1.5661767 1.2271403
1.565939 1.2277492
1.5657015 1.2283578
1.5652267 1.2295756
1.5654641 1.2289667
1.5649893 1.2301841
1.5642785 1.2320105
1.5645156 1.2314016
1.5647523 1.230793
1.5640418 1.232619
1.5638055 1.2332279
1.5635691 1.2338365
1.5630968 1.2350543
1.5633328 1.2344454
1.5628605 1.2356628
1.5626248 1.2362717
1.5623889 1.2368803
1.5621536 1.2374892
1.561918 1.2380977
1.5616827 1.2387066
1.5614474 1.2393155
1.5612125 1.2399241
1.5609773 1.240533
1.5607427 1.2411415
1.5605078 1.2417504
1.5602733 1.242359
1.5595707 1.2441853
1.5598049 1.2435768
1.5600391 1.2429679
1.5593365 1.2447942
1.5591026 1.2454028
1.5588688 1.2460117
1.5586353 1.2466202
1.5584018 1.2472291
1.5581684 1.2478377
1.5579352 1.2484466
1.5577021 1.2490555
1.5572366 1.2502729
1.5574694 1.249664
1.5570038 1.2508815
1.5567714 1.2514904
1.5565387 1.2520989
1.5558425 1.2539253
1.5560746 1.2533167
1.5563066 1.2527078
1.5556105 1.2545342
1.5553788 1.2551427
1.5551471 1.2557516
1.5546844 1.2569691
1.5549158 1.2563602
1.5544531 1.2575776
1.5539911 1.2587954
1.5542221 1.2581865
1.5537602 1.259404
1.5535295 1.2600129
1.5530687 1.2612303
1.5532989 1.2606214
1.552838 1.2618389
1.5523779 1.2630567
1.5526081 1.2624478
1.552148 1.2636652
1.5519184 1.2642741
1.5516885 1.2648827
1.5514593 1.2654916
1.5512298 1.2661001
1.5510006 1.266709
1.5507714 1.2673179
1.5503138 1.2685354
1.5505426 1.2679265
1.5500849 1.2691439
1.549628 1.2703614
1.5498565 1.2697528
1.5493995 1.2709703
1.5491714 1.2715788
1.5489433 1.2721877
1.5487155 1.2727966
1.5484878 1.2734052
1.54826 1.2740141
1.5480326 1.2746226
1.5478052 1.2752315
1.5475778 1.2758401
1.5473508 1.276449
1.5471237 1.2770579
1.546897 1.2776664
1.5466703 1.2782754
1.5464437 1.2788839
1.5462173 1.2794928
1.545991 1.2801013
1.5457647 1.2807103
1.5455387 1.2813188
1.5453127 1.2819277
1.5450868 1.2825366
1.5448612 1.2831452
1.5446355 1.2837541
1.5444103 1.2843626
1.544185 1.2849715
1.5439598 1.2855801
1.5437349 1.286189
1.54351 1.2867979
1.5432854 1.2874064
1.5428364 1.2886239
1.5430609 1.2880153
1.5426118 1.2892328
1.5423876 1.2898413
1.5419396 1.2910591
1.5421638 1.2904502
1.5417158 1.2916677
1.5410454 1.293494
1.5414923 1.2922766
1.5412689 1.2928851
1.5408219 1.2941026
1.5405988 1.2947115
1.5403761 1.29532
1.540153 1.2959289
1.5399302 1.2965378
1.5397078 1.2971464
1.5394851 1.2977553
1.539263 1.2983638
1.5390406 1.2989727
1.5388186 1.2995813
1.5385966 1.3001902
1.5381532 1.3014076
1.5383749 1.3007991
1.5379315 1.3020165
1.5377102 1.3026251
1.5374889 1.303234
1.5372679 1.3038425
1.537047 1.3044514
1.536826 1.30506
1.5363848 1.3062778
1.5366054 1.3056689
1.5361642 1.3068863
1.5359439 1.3074952
1.5357237 1.3081038
1.5355034 1.3087127
1.5352835 1.3093212
1.5348441 1.310539
1.535064 1.3099301
1.5344054 1.3117565
1.5346246 1.3111476
1.5341859 1.312365
1.5337479 1.3135825
1.533967 1.3129739
1.533529 1.3141914
1.5333102 1.3148003
1.5328733 1.3160177
1.5330918 1.3154088
1.5326548 1.3166263
1.5324367 1.3172352
1.5322186 1.3178437
1.5320009 1.3184526
1.5317831 1.3190612
1.5315654 1.3196701
1.5313476 1.320279
1.5311306 1.3208875
1.5309132 1.3214964
1.5304792 1.3227139
1.5306962 1.322105
1.5302621 1.3233224
1.5298291 1.3245402
1.5296125 1.3251488
1.5300455 1.3239313
1.5293961 1.3257577
1.5291802 1.3263662
1.5289642 1.3269751
1.5287483 1.3275837
1.5285323 1.3281926
1.5278859 1.3300189
1.5283167 1.3288011
1.5281015 1.32941
1.5276706 1.3306275
1.5274557 1.3312364
1.5272408 1.3318449
1.527026 1.3324538
1.5268111 1.3330624
1.5263824 1.3342802
1.5265965 1.3336713
1.5261678 1.3348887
1.5257399 1.3361062
1.525954 1.3354976
1.525526 1.3367151
1.5253122 1.3373236
1.5248853 1.3385415
1.5250988 1.3379325
1.5246719 1.33915
1.5244588 1.3397589
1.5242457 1.3403674
1.5238202 1.3415849
1.5240329 1.3409764
1.5236074 1.3421938
1.5233951 1.3428023
1.5231827 1.3434113
1.5229703 1.3440202
1.5227583 1.3446287
1.5225462 1.3452376
1.5221229 1.3464551
1.5223346 1.3458462
1.5219112 1.3470636
1.5216999 1.3476725
1.5214886 1.3482814
1.5210667 1.3494989
1.5212777 1.34889
1.5208558 1.3501074
1.5206452 1.3507163
1.5204346 1.3513249
1.520224 1.3519338
1.5200137 1.3525423
1.5198035 1.3531512
1.5195936 1.3537601
1.5193837 1.3543687
1.5191739 1.3549776
1.5189643 1.3555861
1.5187548 1.356195
1.5185456 1.3568036
1.5183365 1.3574125
1.5181273 1.3580214
1.5179185 1.3586299
1.5177097 1.3592388
1.5175009 1.3598474
1.5172924 1.3604563
1.517084 1.3610648
1.5168759 1.3616737
1.5166678 1.3622826
1.5164601 1.3628912
1.516252 1.3635001
1.5160446 1.3641086
1.5158369 1.3647175
1.5154225 1.365935
1.5156295 1.3653261
1.5152151 1.3665435
1.5148014 1.3677613
1.5150084 1.3671524
1.5145947 1.3683699
1.5143881 1.3689788
1.5141818 1.3695873
1.5139755 1.3701962
1.5137695 1.3708048
1.5135636 1.3714137
1.5133576 1.3720226
1.513152 1.3726311
1.5129464 1.37324
1.5127409 1.3738486
1.5125356 1.3744575
1.5123304 1.375066
1.5121255 1.3756749
1.5119206 1.3762835
1.5117161 1.3768924
1.5115112 1.3775013
1.5111026 1.3787187
1.5113071 1.3781098
1.5108984 1.3793273
1.5106946 1.3799362
1.5104908 1.3805447
1.510287 1.3811536
1.5100836 1.3817625
1.5098801 1.3823711
1.5096767 1.38298
1.5094736 1.3835885
1.5092705 1.3841974
1.5090678 1.384806
1.508865 1.3854149
1.5086623 1.3860238
1.5084599 1.3866323
1.5082576 1.3872412
1.5078535 1.3884587
1.5080556 1.3878498
1.5076515 1.3890672
1.5074499 1.3896761
1.5072482 1.3902847
1.5068456 1.3915025
1.5070469 1.3908936
1.5066443 1.392111
1.5064434 1.3927199
1.5062424 1.3933285
1.5060418 1.3939374
1.5058413 1.3945459
1.5056407 1.3951548
1.5054404 1.3957638
1.5052402 1.3963723
1.5048405 1.3975897
1.5050404 1.3969812
1.5046406 1.3981987
1.5044411 1.3988072
1.5042416 1.3994161
1.5040424 1.4000246
1.5036445 1.4012425
1.5038433 1.4006336
1.5034453 1.401851
1.5032469 1.4024599
1.5030481 1.4030685
1.5028497 1.4036774
1.5026516 1.4042859
1.5024535 1.4048948
1.5022554 1.4055037
1.5020577 1.4061123
1.50186 1.4067212
1.5016626 1.4073297
1.5014649 1.4079386
1.5008738 1.409765
1.5010709 1.4091561
1.5012679 1.4085472
1.5006768 1.4103735
1.5002839 1.411591
1.5004802 1.4109824
1.5000872 1.4121999
1.4998913 1.4128084
1.499695 1.4134173
1.4994991 1.4140259
1.4991079 1.4152437
1.4989123 1.4158522
1.4993035 1.4146348
1.4987168 1.4164611
1.4983267 1.4176786
1.4985219 1.4170697
1.4981318 1.4182871
1.4979369 1.418896
1.4977424 1.4195049
1.4975479 1.4201135
1.4971596 1.4213309
1.4973538 1.4207224
1.4969655 1.4219398
1.4967717 1.4225484
1.4965779 1.4231573
1.4963845 1.4237658
1.496191 1.4243747
1.4959976 1.4249836
1.4958045 1.4255922
1.4956115 1.4262011
1.4954187 1.4268096
1.495226 1.4274185
1.4948413 1.428636
1.4950337 1.4280271
1.4946489 1.4292449
1.4944569 1.4298534
1.4942649 1.4304623
1.4938816 1.4316798
1.4940733 1.4310709
1.49369 1.4322883
1.4933078 1.4335061
1.4931165 1.4341147
1.4934987 1.4328972
1.4929256 1.4347236
1.492735 1.4353321
1.4925444 1.435941
1.4923538 1.4365496
1.4919738 1.437767
1.4921636 1.4371585
1.4917836 1.4383759
1.4915937 1.4389848
1.4912147 1.4402023
1.4914042 1.4395934
1.4910252 1.4408108
1.4908361 1.4414197
1.4906469 1.4420283
1.4902693 1.4432461
1.4904581 1.4426372
1.4900806 1.4438546
1.4898921 1.4444635
1.4897041 1.4450721
1.4895156 1.445681
1.4893279 1.4462895
1.4891398 1.4468984
1.4889521 1.447507
1.4885774 1.4487248
1.4887648 1.4481159
1.4883901 1.4493333
1.4880161 1.4505508
1.4882031 1.4499422
1.4878291 1.4511597
1.4876424 1.4517682
1.4872699 1.452986
1.4874562 1.4523771
1.4870836 1.4535946
1.4867117 1.454812
1.4868977 1.4542035
1.4865258 1.4554209
1.4863402 1.4560295
1.4859698 1.4572473
1.486155 1.4566384
1.4857846 1.4578558
1.4855998 1.4584648
1.4854149 1.4590733
1.4852304 1.4596822
1.4850459 1.4602907
1.4848614 1.4608997
1.4846773 1.4615082
1.4844932 1.4621171
1.4843094 1.462726
1.4841256 1.4633346
1.4837588 1.464552
1.4839422 1.4639435
1.4835753 1.4651609
1.4832096 1.4663784
1.4833923 1.4657695
1.4830265 1.4669873
1.4828441 1.4675958
1.4826614 1.4682047
1.4824791 1.4688133
1.4822971 1.4694222
1.4821151 1.4700307
1.4819331 1.4706396
1.4817515 1.4712482
1.4815698 1.4718571
1.4813886 1.472466
1.4812073 1.4730745
1.4808455 1.474292
1.4810264 1.4736834
1.4806645 1.4749009
1.480484 1.4755094
1.4803034 1.4761183
1.4801232 1.4767272
1.479943 1.4773358
1.4797632 1.4779447
1.4795833 1.4785532
1.4792243 1.4797707
1.4794038 1.4791621
1.4790448 1.4803796
1.4788657 1.4809885
1.4786866 1.481597
1.4785078 1.4822059
1.478329 1.4828145
1.4781503 1.4834234
1.4779718 1.4840319
1.4777938 1.4846408
1.4776157 1.4852494
1.4774377 1.4858583
1.47726 1.4864672
1.4770823 1.4870757
1.4767276 1.4882932
1.4769049 1.4876846
1.4765502 1.4889021
1.4763732 1.4895106
1.47602 1.4907284
1.4761966 1.4901195
1.4758434 1.491337
1.4756671 1.4919459
1.4754908 1.4925544
1.4753145 1.4931633
1.4749631 1.4943808
1.475139 1.4937719
1.4747875 1.4949893
1.474612 1.4955982
1.4744368 1.4962071
1.4742619 1.4968157
1.4740867 1.4974246
1.4739122 1.4980331
1.4737374 1.498642
1.4735629 1.4992506
1.4732147 1.5004684
1.4733888 1.4998595
1.4730405 1.5010769
1.4728668 1.5016858
1.472693 1.5022944
1.4725196 1.5029033
1.4723462 1.5035118
1.4720001 1.5047296
1.4721731 1.5041207
1.471827 1.5053382
1.4716543 1.5059471
1.4713097 1.5071645
1.471482 1.5065556
1.4711373 1.5077731
1.4709653 1.508382
1.4707934 1.5089905
1.4706214 1.5095994
1.4704498 1.5102083
1.4702785 1.5108169
1.4701072 1.5114258
1.469936 1.5120343
1.469765 1.5126432
1.4695945 1.5132518
1.4694236 1.5138607
1.4692534 1.5144696
1.4690828 1.5150781
1.4689127 1.515687
1.468573 1.5169045
1.4687428 1.5162956
1.4684031 1.517513
1.4680646 1.5187305
1.4682337 1.5181219
1.4678951 1.5193394
1.4677263 1.5199483
1.4675572 1.5205568
1.46722 1.5217743
1.4673888 1.5211658
1.4670516 1.5223832
1.4668836 1.5229917
1.4667155 1.5236007
1.4665475 1.5242096
1.4663798 1.5248181
1.4662121 1.525427
1.4660448 1.5260356
1.4658774 1.5266445
1.4657105 1.527253
1.4655435 1.5278619
1.4653765 1.5284708
1.4652099 1.5290794
1.4650436 1.5296883
1.4648774 1.5302968
1.4647111 1.5309057
1.4643793 1.5321232
1.4645452 1.5315143
1.4642134 1.5327317
1.4638827 1.5339495
1.4640482 1.5333406
1.4637175 1.5345581
1.4635527 1.535167
1.4633878 1.5357755
1.463223 1.5363844
1.4630585 1.536993
1.4628941 1.5376019
1.4627299 1.5382108
1.4625658 1.5388193
1.4622383 1.5400368
1.4624021 1.5394282
1.4620746 1.5406457
1.4619112 1.5412542
1.4617481 1.5418631
1.4615847 1.5424717
1.461422 1.5430806
1.461259 1.5436895
1.4610967 1.544298
1.460934 1.5449069
1.4607717 1.5455155
1.4606097 1.5461244
1.4604477 1.5467329
1.4602857 1.5473418
1.4601241 1.5479507
1.4599629 1.5485593
1.4598013 1.5491682
1.4596404 1.5497767
1.4594791 1.5503856
1.4591577 1.5516031
1.4593186 1.5509942
1.4589971 1.552212
1.4586768 1.5534294
1.458837 1.5528205
1.4585166 1.554038
1.4583568 1.5546469
1.4581969 1.5552554
1.4580375 1.5558643
1.457878 1.5564729
1.4575598 1.5576907
1.4577189 1.5570818
1.4574007 1.5582992
1.4572419 1.5589081
1.4569252 1.5601256
1.4570835 1.5595167
1.4567668 1.5607341
1.4564507 1.5619519
1.4566087 1.561343
1.4562926 1.5625605
1.4559777 1.5637779
1.4561353 1.5631694
1.4558203 1.5643868
1.455663 1.5649954
1.455506 1.5656043
1.4553494 1.5662128
1.4551925 1.5668217
1.4550362 1.5674306
1.4548796 1.5680392
1.4547234 1.5686481
1.4545675 1.5692566
1.4544116 1.5698655
1.4542557 1.5704741
1.453945 1.5716919
1.4541002 1.571083
1.4537895 1.5723004
1.4536346 1.5729093
1.4534795 1.5735179
1.4533246 1.5741268
1.4531702 1.5747353
1.4530157 1.5753442
1.4528613 1.5759532
1.4527072 1.5765617
1.4525531 1.5771706
1.4523993 1.5777791
1.4522456 1.5783881
1.4519388 1.5796055
1.4520922 1.5789966
1.4517854 1.580214
1.4516324 1.580823
1.4514797 1.5814319
1.451327 1.5820404
1.4511744 1.5826493
1.451022 1.5832579
1.4508697 1.5838668
1.4507174 1.5844753
1.4505655 1.5850842
1.4504138 1.5856931
1.4502622 1.5863017
1.4501106 1.5869106
1.4499594 1.5875191
1.4498082 1.588128
1.4495064 1.5893455
1.4496573 1.5887366
1.4493555 1.589954
1.449205 1.5905629
1.4490545 1.5911718
1.4487545 1.5923893
1.4486043 1.5929978
1.4489043 1.5917804
1.4484545 1.5936067
1.448305 1.5942153
1.4481556 1.5948242
1.4480061 1.5954331
1.447857 1.5960416
1.4477079 1.5966505
1.4475592 1.5972591
1.4474104 1.597868
1.4471137 1.5990854
1.4472621 1.5984765
1.4469653 1.5996943
1.4468173 1.6003029
1.4466693 1.6009118
1.4465216 1.6015203
1.4463739 1.6021292
1.4462266 1.6027378
1.4460789 1.6033467
1.445932 1.6039552
1.445785 1.6045641
1.4456381 1.605173
1.4453449 1.6063905
1.4454915 1.6057816
1.4451983 1.606999
1.4449062 1.6082165
1.4450521 1.6076079
1.4447599 1.6088254
1.4446141 1.6094343
1.4444685 1.6100428
1.4441779 1.6112603
1.444323 1.6106517
1.4440323 1.6118692
1.4438875 1.6124777
1.4437424 1.6130866
1.4435979 1.6136952
1.4434531 1.6143041
1.4433087 1.614913
1.4431642 1.6155215
1.4430201 1.6161304
1.442876 1.616739
1.4427323 1.6173479
1.4424452 1.6185653
1.4425886 1.6179564
1.4423014 1.6191742
1.4420151 1.6203917
1.4421584 1.6197828
1.441872 1.6210002
1.4415867 1.6222177
1.4417294 1.6216091
1.441444 1.6228266
1.4413017 1.6234355
1.4411594 1.624044
1.4410171 1.6246529
1.4407336 1.6258704
1.4408752 1.6252615
1.4405917 1.6264789
1.4404504 1.6270878
1.4403088 1.6276964
1.4401676 1.6283053
1.4400264 1.6289142
1.4398855 1.6295227
1.4397446 1.6301316
1.4394636 1.6313491
1.4396041 1.6307402
1.4393231 1.6319576
1.4390428 1.6331754
1.4391829 1.6325665
1.4389026 1.633784
1.4384836 1.6356103
1.4387628 1.6343929
1.4386234 1.6350014
1.4383441 1.6362189
1.438205 1.6368278
1.4380659 1.6374363
1.4379269 1.6380452
1.4377878 1.6386542
1.437649 1.6392627
1.4373723 1.6404801
1.4375107 1.6398716
1.4372339 1.6410891
1.4370956 1.6416976
1.4366819 1.643524
1.4369575 1.6423065
1.4368199 1.6429154
1.4365442 1.6441329
1.4364069 1.6447414
1.4362696 1.6453503
1.4361323 1.6459589
1.435995 1.6465678
1.4357215 1.6477852
1.4358581 1.6471767
1.4355846 1.6483941
1.435448 1.6490027
1.4353117 1.6496116
1.4351755 1.6502201
1.4350393 1.650829
1.4349031 1.6514376
1.4346317 1.6526554
1.4344958 1.6532639
1.4347672 1.6520465
1.4340897 1.6550903
1.4342252 1.6544814
1.4343603 1.6538728
1.4339545 1.6556988
1.4336849 1.6569166
1.4335501 1.6575252
1.4338197 1.6563077
1.4334153 1.6581341
1.4332809 1.6587426
1.4331468 1.6593515
1.4330124 1.6599601
1.4328783 1.660569
1.4327442 1.6611775
1.4324768 1.6623953
1.4326105 1.6617864
1.432343 1.6630039
1.4320763 1.6642213
1.4322097 1.6636128
1.4319429 1.6648302
1.4318099 1.6654388
1.4316769 1.6660477
1.4315439 1.6666566
1.4314113 1.6672651
1.4312786 1.667874
1.4310137 1.6690915
1.4311463 1.6684826
1.4308814 1.6697
1.4307494 1.6703089
1.4306171 1.6709178
1.4303536 1.6721353
1.4304852 1.6715264
1.4302217 1.6727438
1.4300905 1.6733527
1.4299589 1.6739613
1.4296965 1.6751787
1.4295652 1.6757876
1.4298277 1.6745702
1.429434 1.6763965
1.4291727 1.677614
1.4290418 1.6782225
1.4293032 1.6770051
1.4289113 1.6788314
1.4287808 1.67944
1.4283903 1.6812663
1.4285205 1.6806578
1.4286506 1.6800489
1.4282602 1.6818752
1.4280006 1.6830927
1.4281304 1.6824838
1.4278708 1.6837012
1.427612 1.6849187
1.4277414 1.6843101
1.4273535 1.6861365
1.4274825 1.6855276
1.427224 1.686745
1.4270953 1.6873539
1.4269662 1.6879625
1.4268375 1.6885714
1.4267088 1.6891799
1.4265801 1.6897888
1.4264514 1.6903977
1.426323 1.6910063
1.4261946 1.6916152
1.4260666 1.6922237
1.4259383 1.6928326
1.4258103 1.6934412
1.4256826 1.6940501
1.4255546 1.694659
1.425427 1.6952675
1.4252993 1.6958764
1.4251717 1.696485
1.4250444 1.6970939
1.4247898 1.6983114
1.4249171 1.6977024
1.4246625 1.6989199
1.4242818 1.7007463
1.4244087 1.7001377
1.4245356 1.6995288
1.4241548 1.7013552
1.4239017 1.7025726
1.4237751 1.7031812
1.4240283 1.7019637
1.4236485 1.7037901
1.4235223 1.704399
1.4233961 1.7050075
1.4232699 1.7056164
1.4230178 1.7068339
1.4231437 1.706225
1.4228916 1.7074424
1.4226403 1.7086599
1.4225144 1.7092688
1.4227661 1.7080513
1.4223889 1.7098777
1.4222634 1.7104862
1.4218873 1.7123126
1.4017394 1.812147
1.4221379 1.7110951
1.4220128 1.7117037
1.4217621 1.7129211
1.4018646 1.8115385
1.4021149 1.810321
1.4019897 1.8109296
1.421637 1.71353
1.40224 1.8097121
1.4023648 1.8091036
1.4215118 1.7141389
1.4024899 1.8084947
1.4212623 1.7153564
1.4211375 1.7159649
1.4210127 1.7165738
1.4213871 1.7147475
1.4028639 1.8066683
1.4206387 1.7184002
1.4027391 1.8072772
1.4026147 1.8078858
1.4208879 1.7171824
1.4207635 1.7177913
1.4029884 1.8060598
1.4205143 1.7190087
1.4201414 1.7208351
1.4203899 1.7196176
1.4032369 1.8048423
1.4031128 1.8054509
1.4202658 1.7202262
1.4033613 1.8042334
1.4200173 1.7214436
1.4198932 1.7220525
1.4036094 1.803016
1.4034854 1.8036245
1.4197691 1.7226611
1.4196451 1.72327
1.419521 1.7238789
1.4037335 1.8024071
1.4193973 1.7244874
1.4190262 1.7263138
1.4039809 1.8011896
1.4041046 1.8005811
1.4038572 1.8017985
1.4042283 1.7999722
1.4192736 1.7250963
1.4191499 1.7257049
1.4045991 1.7981458
1.4189025 1.7269223
1.4186554 1.7281401
1.404352 1.7993636
1.4044754 1.7987547
1.4187791 1.7275312
1.4182853 1.7299661
1.4047225 1.7975373
1.4184087 1.7293576
1.418532 1.7287487
1.4050922 1.7957109
1.4179156 1.7317925
1.4049688 1.7963198
1.418039 1.7311836
1.4052152 1.7951024
1.4048458 1.7969284
1.418162 1.730575
1.4053385 1.7944935
1.4177926 1.732401
1.4174236 1.7342274
1.4175466 1.7336188
1.4176696 1.7330099
1.4057072 1.7926671
1.4054615 1.7938846
1.4055842 1.793276
1.4058301 1.7920586
1.417178 1.7354448
1.4173006 1.7348363
1.417055 1.7360537
1.4061981 1.7902322
1.4166871 1.7378801
1.4165644 1.7384886
1.4169324 1.7366623
1.4059528 1.7914497
1.4060754 1.7908411
1.4064433 1.7890148
1.4168097 1.7372712
1.4063207 1.7896237
1.4164418 1.7390975
1.4158293 1.7421413
1.406566 1.7884059
1.415952 1.7415324
1.4068109 1.7871884
1.4160743 1.7409235
1.4161969 1.740315
1.4066883 1.7877973
1.4163192 1.7397061
1.4074223 1.7841446
1.4069332 1.7865799
1.4154625 1.7439673
1.4073 1.7847535
1.4155848 1.7433588
1.4071777 1.7853624
1.4070555 1.785971
1.415707 1.7427499
1.415096 1.7457937
1.4075446 1.7835361
1.4079107 1.7817097
1.408033 1.7811012
1.4149741 1.7464022
1.4152183 1.7451848
1.4077888 1.7823186
1.4076665 1.7829272
1.4153402 1.7445762
1.4147299 1.74762
1.4146076 1.7482286
1.4148518 1.7470111
1.4144857 1.7488375
1.413876 1.7518813
1.4143637 1.749446
1.4082768 1.7798834
1.4088865 1.7768399
1.4083988 1.7792748
1.4087645 1.7774485
1.413998 1.7512724
1.4137541 1.7524898
1.4085207 1.7786659
1.4086426 1.7780574
1.4142418 1.7500549
1.4141199 1.7506635
1.4081549 1.7804923
1.4090084 1.776231
1.4132671 1.7549247
1.4103471 1.7695349
1.4096169 1.7731872
1.4122932 1.7597949
1.4124151 1.759186
1.4133887 1.7543162
1.40913 1.7756225
1.4127802 1.75736
1.4097389 1.7725787
1.4118069 1.7622298
1.4109552 1.7664911
1.411685 1.7628387
1.4099824 1.7713612
1.4098604 1.7719698
1.4126582 1.7579685
1.4136322 1.7530987
1.4094954 1.7737961
1.4093734 1.7744047
1.4130237 1.7561422
1.4135106 1.7537073
1.4110772 1.7658825
1.4129017 1.7567511
1.4131452 1.7555336
1.410469 1.768926
1.4092519 1.7750136
1.4113203 1.7646647
1.4119285 1.7616213
1.4102255 1.7701434
1.4107121 1.7677085
1.4108337 1.7671
1.4114419 1.7640562
1.4115634 1.7634473
1.4125367 1.7585775
1.4105905 1.7683174
1.4121716 1.7604034
1.4111987 1.7652736
1.4101039 1.7707523
1.4120501 1.7610124
1.4016139 1.8127559
1.4010354 1.816005
1.3989942 1.8277401
1.3970248 1.8394748
1.3951255 1.8512098
1.3932931 1.8629446
1.3915261 1.8746796
1.3898213 1.8864144
1.3881769 1.8981494
1.3865909 1.9098841
1.3850609 1.9216192
1.3835853 1.9333539
1.3821619 1.945089
1.3807889 1.9568237
1.3794646 1.9685588
1.3781871 1.9802935
1.3769546 1.9920286
1.3757661 2.0037633
1.3746195 2.0154984
1.3735136 2.0272331
1.372447 2.0389682
1.371418 2.0507029
1.3704254 2.062438
1.3694683 2.0741727
1.3685447 2.0859078
1.3676537 2.0976425
1.3667945 2.1093775
1.3659657 2.1211123
1.3651666 2.1328473
1.3643954 2.1445821
1.3636517 2.1563171
1.3629341 2.1680522
1.3622422 2.1797869
1.3615747 2.191522
1.3609307 2.2032567
1.3603097 2.2149918
1.3597104 2.2267265
1.3591326 2.2384616
1.3585752 2.2501963
1.3580375 2.2619314
1.357519 2.2736661
1.3570184 2.2854012
1.3565361 2.2971359
1.3560706 2.308871
1.3556215 2.3206057
1.3551885 2.3323407
1.3547709 2.3440755
1.3543679 2.3558105
1.3539793 2.3675452
1.3536042 2.3792803
1.3532427 2.391015
1.3528938 2.4027501
1.3525573 2.4144848
1.352233 2.4262199
1.3519198 2.4379546
1.351618 2.4496897
1.3513266 2.4614244
1.3510456 2.4731595
1.3507746 2.4848942
1.3505132 2.4966293
1.3502612 2.508364
1.350018 2.5200991
1.3497835 2.5318338
1.3495571 2.5435689
1.3493387 2.5553036
1.3491281 2.5670387
1.348925 2.5787734
1.3487291 2.5905084
1.3485403 2.6022432
1.3483579 2.6139782
1.348182 2.6257133
1.3480125 2.637448
1.3478491 2.6491831
1.3476911 2.6609178
1.3475391 2.6726529
1.3473922 2.6843876
1.3472506 2.6961227
1.347114 2.7078574
1.3469824 2.7195925
1.3468552 2.7313272
1.3467325 2.7430623
1.3466145 2.754797
1.3465005 2.7665321
1.3463903 2.7782668
1.3462841 2.7900018
1.3461819 2.8017366
1.3460832 2.8134716
1.3459877 2.8252064
1.3458959 2.8369414
1.3458072 2.8486761
1.3457217 2.8604112
1.3456395 2.8721459
1.3455598 2.883881
1.3454832 2.8956157
1.3454092 2.9073508
1.3453377 2.9190855
1.3452691 2.9308206
1.3452026 2.9425553
1.3451386 2.9542904
1.3450767 2.9660251
1.345017 2.9777602
1.3449598 2.9894949
1.344904 3.00123
1.3448507 3.0129647
1.3447993 3.0246998
1.3447492 3.0364345
1.3447013 3.0481695
1.3446552 3.0599043
1.3446105 3.0716393
1.3445672 3.0833744
1.3445257 3.0951091
1.3444857 3.1068442
1.3444471 3.1185789
1.3444095 3.130314
1.3443738 3.1420487
1.3443391 3.1537838
1.3443055 3.1655185
1.3442733 3.1772536
1.3442422 3.1889883
1.3442122 3.2007234
1.3441832 3.2124581
1.344155 3.2241932
1.3441281 3.2359279
1.344102 3.2476629
1.344077 3.2593977
1.3440531 3.2711327
1.3440295 3.2828675
1.3440069 3.2946025
1.3439855 3.3063372
1.3439644 3.3180723
1.343944 3.329807
1.3438725 3.37528
1.3438214 3.4119515
1.343776 3.448623
1.3437352 3.4852945
1.3436987 3.5219661
1.3436662 3.5586376
1.3436372 3.5953091
1.3436115 3.6319806
1.3435882 3.6686525
1.3435675 3.7053241
1.3435489 3.7419956
1.3435325 3.7786671
1.3435178 3.8153386
1.3435046 3.8520102
1.3434928 3.8886817
1.343482 3.9253532
1.3434728 3.9620247
1.3434645 3.9986966
1.343457 4.0353681
1.3434502 4.0720397
1.3434441 4.1087112
1.3434388 4.1453827
1.3434341 4.1820543
1.3434298 4.2187258
1.3434259 4.2553973
1.3434223 4.2920688
1.3434195 4.3287404
1.3434166 4.3654122
1.3434145 4.4020838
1.343412 4.4387553
1.3434102 4.4754268
1.3434084 4.5120983
1.343407 4.5487699
1.3434055 4.5854414
1.3434041 4.6221129
1.343403 4.6587844
1.3434023 4.695456
1.3434012 4.7321279
1.3434005 4.7687994
1.3433998 4.8054709
1.3433991 4.8421424
1.3433987 4.878814
1.343398 4.9154855
1.3433977 4.952157
1.3433973 4.9888285
1.343397 5.0255001
1.3433966 5.0621716
1.3433962 5.0988435
1.3433959 5.135515
1.3433959 5.1721865
1.3433955 5.2088581
1.3433955 5.2455296
1.3433952 5.2822011
1.3433952 5.3188726
1.3433952 5.3555442
1.3433948 5.3922157
1.3433948 5.4288876
1.3433948 5.4655591
1.3433944 5.5022306
1.3433944 5.5389021
1.3433944 5.5755737
1.3433944 5.6122452
1.3433944 5.6489167
1.3433944 5.6855883
1.3433941 5.7222598
1.3433941 5.7589313
1.3433941 5.7956032
1.3433941 5.8322747
1.3433941 5.8689462
1.3433941 5.9056178
1.3433941 5.9422893
1.3433941 5.9789608
1.3433941 6.0156323
1.3433941 6.0523039
1.3433941 6.0889754
1.3433941 6.1256469
1.3433941 6.1623188
1.3433941 6.1989903
1.3433941 6.2356619
1.3433941 6.2723334
1.3433941 6.3090049
1.3433941 6.3456764
1.3433941 6.382348
1.3433941 6.4190195
1.3433941 6.455691
1.3433941 6.4923625
1.3433941 6.5290344
1.3433941 6.565706
1.3433941 6.6023775
1.3433941 6.639049
1.3433941 6.6757205
1.3433941 6.7123921
1.3433941 6.7490636
1.3433941 6.7857351
1.3433941 6.8224066
1.3433941 6.8590785
1.3433941 6.89575
1.3433941 6.9324216
1.3433941 6.9690931
1.3433937 7.0057646
1.3433937 7.0424362
1.3433937 7.0791077
1.3433937 7.1157792
1.3433937 7.1524507
1.3433937 7.1891223
1.3433937 7.2257941
1.3433937 7.2624657
1.3433937 7.2991372
1.3433937 7.3358087
1.3433937 7.3724802
1.3433937 7.4091518
1.3433937 7.4458233
1.3433937 7.4824948
1.3433937 7.5191663
1.3433937 7.5558379
1.3433937 7.5925098
1.3433937 7.6291813
1.3433937 7.6658528
1.3433937 7.7025243
1.3433937 7.7391959
1.3433937 7.7758674
1.3433937 7.8125389
1.3433937 7.8492104
1.3433937 7.885882
1.3433937 7.9225535
1.3433937 7.9592254
1.3433937 7.9958969
1.3433937 8.0325684
1.3433937 8.06924
1.3433937 8.1059115
1.3433937 8.142583
1.3433937 8.1792545
1.3433937 8.2159261
1.3433937 8.2525976
1.3433937 8.2892695
1.3433937 8.325941
1.3433937 8.3626125
1.3433937 8.399284
